3.990000000000000213e+00, -3.549999999999999822e+00
3.945191280863296068e+00, -3.552585558376336827e+00
3.900400408046714062e+00, -3.555047342972389668e+00
3.855634196190034224e+00, -3.557383678173605901e+00
3.810899459933039690e+00, -3.559592888365434860e+00
3.766203013915511821e+00, -3.561673297933324989e+00
3.721551672777231534e+00, -3.563623231262723845e+00
3.676952251157980633e+00, -3.565441012739080762e+00
3.632411563697542256e+00, -3.567124966747844184e+00
3.587936425035696875e+00, -3.568673417674461668e+00
3.543533649812226294e+00, -3.570084689904382103e+00
3.499210052666913207e+00, -3.571357107823054378e+00
3.454972448239537641e+00, -3.572488995815926049e+00
3.410827651169881847e+00, -3.573478678268446007e+00
3.366782476097728960e+00, -3.574324479566062251e+00
3.322843737662859009e+00, -3.575024724094224560e+00
3.279018250505054244e+00, -3.575577736238379600e+00
3.235312829264096024e+00, -3.575981840383977151e+00
3.191734288579766599e+00, -3.576235360916464767e+00
3.148289443091846884e+00, -3.576336622221291339e+00
3.104985107440120462e+00, -3.576283948683904867e+00
3.061828096264366916e+00, -3.576075664689754685e+00
3.018825224204368940e+00, -3.575710094624288349e+00
2.975983305899907894e+00, -3.575185562872953859e+00
2.933309155990765582e+00, -3.574500393821201438e+00
2.890809589116723810e+00, -3.573652911854477310e+00
2.848491419917564826e+00, -3.572641441358231695e+00
2.806361463033069104e+00, -3.571464306717912152e+00
2.764426533103018890e+00, -3.570119832318966679e+00
2.722693444767196436e+00, -3.568606342546844612e+00
2.681169012665382212e+00, -3.566922161786993950e+00
2.639860051437359800e+00, -3.565065614424863139e+00
2.598773375722909229e+00, -3.563035024845900622e+00
2.557915800161812747e+00, -3.560828717435555291e+00
2.517294139393852159e+00, -3.558445016579274700e+00
2.476915208058808826e+00, -3.555882246662507740e+00
2.436785820796464996e+00, -3.553138732070702854e+00
2.396912792246601587e+00, -3.550212797189308489e+00
2.357302937049001290e+00, -3.547102766403773089e+00
2.317963069843445467e+00, -3.543806964099544654e+00
2.278900005269715479e+00, -3.540323714662072074e+00
2.240120557967592685e+00, -3.536651342476803350e+00
2.201631542576859335e+00, -3.532788171929187371e+00
2.163439773737297234e+00, -3.528732527404672581e+00
2.125552066088688630e+00, -3.524482733288706982e+00
2.087975234270814440e+00, -3.520037113966739017e+00
2.050716092923455580e+00, -3.515393993824218022e+00
2.013781456686395188e+00, -3.510551697246591107e+00
1.977178140199414624e+00, -3.505508548619307607e+00
1.940912958102295249e+00, -3.500262872327815966e+00
1.904992725034818646e+00, -3.494812992757563297e+00
1.869424255636767063e+00, -3.489157234293999377e+00
1.834214364547921861e+00, -3.483293921322572650e+00
1.799369866408064844e+00, -3.477221378228730675e+00
1.764897575856977152e+00, -3.470937929397922339e+00
1.730804307534441477e+00, -3.464441899215596976e+00
1.697096876080238959e+00, -3.457731612067201254e+00
1.663782096134151178e+00, -3.450805392338184063e+00
1.630865791730999215e+00, -3.443662349361015007e+00
1.598348189560284904e+00, -3.436306027757398240e+00
1.566227552359284791e+00, -3.428741528368228764e+00
1.534502140737156184e+00, -3.420973953720702010e+00
1.503170215303057944e+00, -3.413008406342013412e+00
1.472230036666148267e+00, -3.404849988759357515e+00
1.441679865435586239e+00, -3.396503803499930196e+00
1.411517962220529609e+00, -3.387974953090927333e+00
1.381742587630137242e+00, -3.379268540059544357e+00
1.352352002273567555e+00, -3.370389666932975814e+00
1.323344466759978966e+00, -3.361343436238417137e+00
1.294718241698530115e+00, -3.352134950503064648e+00
1.266471587698378753e+00, -3.342769312254113334e+00
1.238602765368684411e+00, -3.333251624018758630e+00
1.211110035318604838e+00, -3.323586988324195968e+00
1.183991658157299343e+00, -3.313780507697621225e+00
1.157245894493925231e+00, -3.303837284666228502e+00
1.130871004937641588e+00, -3.293762421757214121e+00
1.104865250097606832e+00, -3.283561021497773513e+00
1.079226890582979825e+00, -3.273238186415101669e+00
1.053954187002918097e+00, -3.262799019036394021e+00
1.029045399966580732e+00, -3.252248621888846447e+00
1.004498790083125925e+00, -3.241592097499654379e+00
9.803126179617128733e-01, -3.230834548396012362e+00
9.564851442114994384e-01, -3.219981077105116718e+00
9.330146294416440389e-01, -3.209036786154162435e+00
9.098993342613053148e-01, -3.198006778070345835e+00
8.871375192796416842e-01, -3.186896155380860574e+00
8.647274451058115652e-01, -3.175710020612902973e+00
8.426673723489734869e-01, -3.164453476293668466e+00
8.209555616182859783e-01, -3.153131624950352929e+00
7.995902735229074576e-01, -3.141749569110150908e+00
7.785697686719963428e-01, -3.130312411300258280e+00
7.578923076747109411e-01, -3.118825254047869588e+00
7.375561511402101145e-01, -3.107293199880182488e+00
7.175595596776521701e-01, -3.095721351324389747e+00
6.979007938961957480e-01, -3.084114810907688575e+00
6.785781144049989333e-01, -3.072478681157273517e+00
6.595897818132203660e-01, -3.060818064600340449e+00
6.409340567300186864e-01, -3.049138063764083917e+00
6.226091997645519793e-01, -3.037443781175700686e+00
6.046134715259791070e-01, -3.025740319362384856e+00
5.869451326234582655e-01, -3.014032780851332305e+00
5.696024436661479839e-01, -3.002326268169738910e+00
5.525836652632066803e-01, -2.990625883844799660e+00
5.358870580237931058e-01, -2.978936730403709543e+00
5.195108825570655675e-01, -2.967263910373664881e+00
5.034533994721824834e-01, -2.955612526281861108e+00
4.877128693783024382e-01, -2.943987680655492767e+00
4.722875528845837945e-01, -2.932394476021755292e+00
4.571757106001849147e-01, -2.920838014907845004e+00
4.423756031342644945e-01, -2.909323399840956448e+00
4.278854910959808411e-01, -2.897855733348285057e+00
4.137036350944925389e-01, -2.886440117957026708e+00
3.998282957389580061e-01, -2.875081656194376833e+00
3.862577336385358273e-01, -2.863785450587529979e+00
3.729902094023841430e-01, -2.852556603663682910e+00
3.600237087696371296e-01, -2.841398689793471544e+00
3.473539887461813414e-01, -2.830302892569998896e+00
3.349757246350511530e-01, -2.819254381793813380e+00
3.228835845892802925e-01, -2.808238287514601250e+00
3.110722367619033202e-01, -2.797239739782051426e+00
2.995363493059539639e-01, -2.786243868645851496e+00
2.882705903744661180e-01, -2.775235804155689934e+00
2.772696281204738988e-01, -2.764200676361253439e+00
2.665281306970111452e-01, -2.753123615312230932e+00
2.560407662571119736e-01, -2.741989751058310443e+00
2.458022029538103337e-01, -2.730784213649178671e+00
2.358071089401402309e-01, -2.719492133134524536e+00
2.260501523691356152e-01, -2.708098639564036070e+00
2.165260013938304917e-01, -2.696588862987399970e+00
2.072293241672588382e-01, -2.684947933454305602e+00
1.981547888424547155e-01, -2.673160981014440107e+00
1.892970635724520456e-01, -2.661213135717491074e+00
1.806508165102848062e-01, -2.649089527613147421e+00
1.722107158089870027e-01, -2.636775286751095404e+00
1.639714296215926681e-01, -2.624255543181025274e+00
1.559276261011357245e-01, -2.611515426952622843e+00
1.480739734006502606e-01, -2.598540068115577029e+00
1.404051396731701706e-01, -2.585314596719575420e+00
1.329157930717294323e-01, -2.571824142814305159e+00
1.256006017493619398e-01, -2.558053836449455609e+00
1.184542338591020177e-01, -2.543988807674714359e+00
1.114713575539834356e-01, -2.529614186539768106e+00
1.046466409870402126e-01, -2.514915103094306215e+00
9.797475231130631235e-02, -2.499876687388015828e+00
9.145035967981579583e-02, -2.484484069470584977e+00
8.506813124560258510e-02, -2.468722379391701693e+00
7.882273516170064387e-02, -2.452576747201053120e+00
7.270883958114407464e-02, -2.436032302948328621e+00
6.672111265696673010e-02, -2.419074176683214894e+00
6.085422254220271970e-02, -2.401687498455400416e+00
5.510283738988600022e-02, -2.383857398314572773e+00
4.946162535305045210e-02, -2.365569006310419553e+00
4.392525458473023336e-02, -2.346807452492629231e+00
3.848839323795922446e-02, -2.327557866910889839e+00
3.314570946577150706e-02, -2.307805379614888963e+00
2.789187142120086449e-02, -2.287535120654314191e+00
2.272154725728153801e-02, -2.266732220078853999e+00
1.762940512704742890e-02, -2.245381807938195085e+00
1.261011318353252864e-02, -2.223469014282027700e+00
7.658339579770717664e-03, -2.200978969160037657e+00
2.768752468795931954e-03, -2.177896802621912986e+00
-2.063979996357503954e-03, -2.154207644717342607e+00
-6.845189662655751239e-03, -2.129896625496014106e+00
-1.158020837706487394e-02, -2.104948875007615072e+00
-1.627436798655089445e-02, -2.079349523301833536e+00
-2.093300033807986293e-02, -2.053083700428357083e+00
-2.556143727861763526e-02, -2.026136536436874636e+00
-3.016501065513035873e-02, -1.998493161377073335e+00
-3.474905231458388921e-02, -1.970138705298640769e+00
-3.931889410394437401e-02, -1.941058298251264969e+00
-4.387986787017789103e-02, -1.911237070284635076e+00
-4.843730546025040717e-02, -1.880660151448436679e+00
-5.299621608450617860e-02, -1.849314560862756140e+00
-5.755772564619687781e-02, -1.817210054807629316e+00
-6.212039022547631573e-02, -1.784371436139996936e+00
-6.668272008051413791e-02, -1.750823776009200916e+00
-7.124322546948005930e-02, -1.716592145564583172e+00
-7.580041665054365607e-02, -1.681701615955485618e+00
-8.035280388187465705e-02, -1.646177258331249504e+00
-8.489889742164269393e-02, -1.610044143841217634e+00
-8.943720752801742613e-02, -1.573327343634731257e+00
-9.396624445916851309e-02, -1.536051928861132509e+00
-9.848451847326572528e-02, -1.498242970669761975e+00
-1.029905398284785417e-01, -1.459925540209963790e+00
-1.074828187829766635e-01, -1.421124708631078537e+00
-1.119598655949297916e-01, -1.381865547082448575e+00
-1.164201905225075995e-01, -1.342173126713415598e+00
-1.208623038238797326e-01, -1.302072518673320856e+00
-1.252847157572158365e-01, -1.261588794111506706e+00
-1.296859365806856124e-01, -1.220747024177315287e+00
-1.340644765524586501e-01, -1.179572280020088071e+00
-1.384188459307046926e-01, -1.138089632789166972e+00
-1.427475549735933436e-01, -1.096324153633893905e+00
-1.470491139392942626e-01, -1.054300913703610565e+00
-1.513220330859771368e-01, -1.012044984147659532e+00
-1.555648226718116256e-01, -9.695814361153813898e-01
-1.597759929549673608e-01, -9.269353407561189417e-01
-1.639540541936140849e-01, -8.841317692192139921e-01
-1.680975166459213466e-01, -8.411957926540082342e-01
-1.722048905700588606e-01, -7.981524822098433614e-01
-1.762746862241963142e-01, -7.550269090360615110e-01
-1.803054138665032835e-01, -7.118441442820044873e-01
-1.842955837551495113e-01, -6.686292590970140948e-01
-1.882437061483047402e-01, -6.254073246304310274e-01
-1.921482913041384355e-01, -5.822034120315995320e-01
-1.960078494808203120e-01, -5.390425924498600807e-01
-1.998208909365200570e-01, -4.959499370345550329e-01
-2.035859259294073298e-01, -4.529505169350256377e-01
-2.073014647176518455e-01, -4.100694033006143657e-01
-2.109660175594232079e-01, -3.673316672806625771e-01
-2.145780947128910210e-01, -3.247623800245125203e-01
-2.181362064362250552e-01, -2.823866126815057220e-01
-2.216388629875949423e-01, -2.402294364009843197e-01
-2.250845746251703139e-01, -1.983159223322898401e-01
-2.284718516071208017e-01, -1.566711416247647537e-01
-2.317992041916161483e-01, -1.153201654277500876e-01
-2.350651426368259300e-01, -7.428806489058858986e-02
-2.382681772009198895e-01, -3.359991116262134314e-02
-2.414068181420676307e-01, 6.719224606809237610e-03
-2.444795757184388407e-01, 4.664427126836162563e-02
-2.474849601882031513e-01, 8.615015767269379454e-02
-2.504214818095302775e-01, 1.252118126704639955e-01
-2.532876508405897953e-01, 1.638041651123300912e-01
-2.560819775395514197e-01, 2.019021438489506659e-01
-2.588029721645848658e-01, 2.394806777309832491e-01
-2.614491449738597928e-01, 2.765146956090875907e-01
-2.640190062255456382e-01, 3.129791263339195551e-01
-2.665110661778122836e-01, 3.488488987561383370e-01
-2.689238350888293327e-01, 3.840989417264016881e-01
-2.712558882448193875e-01, 4.187053353494727959e-01
-2.735070336871693319e-01, 4.526659843793048310e-01
-2.756781817486546604e-01, 4.859983084934594300e-01
-2.777702815949570914e-01, 5.187204148657543756e-01
-2.797842823917585098e-01, 5.508504106700072844e-01
-2.817211333047409116e-01, 5.824064030800358838e-01
-2.835817834995859599e-01, 6.134064992696595109e-01
-2.853671821419755394e-01, 6.438688064126927291e-01
-2.870782783975915353e-01, 6.738114316829543204e-01
-2.887160214321157214e-01, 7.032524822542625120e-01
-2.902813604112299273e-01, 7.322100653004348647e-01
-2.917752445006162043e-01, 7.607022879952889394e-01
-2.931986228659561045e-01, 7.887472575126425189e-01
-2.945524446729316237e-01, 8.163630810263133863e-01
-2.958376590872245915e-01, 8.435678657101188804e-01
-2.970552152745169483e-01, 8.703797187378770062e-01
-2.982060624004903571e-01, 8.968167472834054355e-01
-2.992911496308267583e-01, 9.228970585205217292e-01
-3.003114261312080369e-01, 9.486387596230435593e-01
-3.012678410673158558e-01, 9.740599577647887086e-01
-3.021613436048323220e-01, 9.991787601195749602e-01
-3.029928829094390985e-01, 1.024013273861219542e+00
-3.037634081468180702e-01, 1.048581606163540680e+00
-3.044738684826511221e-01, 1.072901864200356048e+00
-3.051252130826200282e-01, 1.096992155145482650e+00
-3.057183911124066178e-01, 1.120870586172739047e+00
-3.062543517376928315e-01, 1.144555264455942467e+00
-3.067340441241605542e-01, 1.168064297168910359e+00
-3.071584174374913934e-01, 1.191415791485460840e+00
-3.075284208433674005e-01, 1.214627854579411581e+00
-3.078450035074704605e-01, 1.237718593624580032e+00
-3.081091145954822363e-01, 1.260706115794784088e+00
-3.083217032730846130e-01, 1.283608528263841420e+00
-3.084837187059594199e-01, 1.306443938205569477e+00
-3.085961100597887086e-01, 1.329230452793785711e+00
-3.086598265002540309e-01, 1.351986179202308680e+00
-3.086758171930374384e-01, 1.374729224604955391e+00
-3.086450313038206494e-01, 1.397477696175543960e+00
-3.085684179982857156e-01, 1.420249701087891836e+00
-3.084469264421141332e-01, 1.443063346515816470e+00
-3.082815058009880094e-01, 1.465936739633135977e+00
-3.080731052405892290e-01, 1.488887987613667807e+00
-3.078226739265994549e-01, 1.511935197631229411e+00
-3.075311610247005167e-01, 1.535096476859639125e+00
-3.071995157005744659e-01, 1.558389932472713735e+00
-3.068286871199029098e-01, 1.581833671644272021e+00
-3.064196244483678999e-01, 1.605445801548130991e+00
-3.059732768516511547e-01, 1.629244429358108093e+00
-3.054905934954345592e-01, 1.653247662248021665e+00
-3.049725235453998318e-01, 1.677473607391689825e+00
-3.044200161672291349e-01, 1.701940371962929355e+00
-3.038340205266040206e-01, 1.726666063135557705e+00
-3.032154857892063737e-01, 1.751668788083392325e+00
-3.025653611207181348e-01, 1.776966653980251998e+00
-3.018845956868210778e-01, 1.802577767999953728e+00
-3.011741386531970877e-01, 1.828520237316315189e+00
-3.004349391855279938e-01, 1.854812169103154940e+00
-2.996679628823409880e-01, 1.881471267976825734e+00
-2.988747182346846443e-01, 1.908501939247830403e+00
-2.980573680043031581e-01, 1.935892560475787727e+00
-2.972181139048702958e-01, 1.963630555010029477e+00
-2.963591576500601565e-01, 1.991703346199888758e+00
-2.954827009535465066e-01, 2.020098357394698230e+00
-2.945909455290032231e-01, 2.048803011943790775e+00
-2.936860930901044053e-01, 2.077804733196498610e+00
-2.927703453505237641e-01, 2.107090944502155505e+00
-2.918459040239352875e-01, 2.136649069210092566e+00
-2.909149708240128529e-01, 2.166466530669643564e+00
-2.899797474644303374e-01, 2.196530752230140937e+00
-2.890424356588618404e-01, 2.226829157240917123e+00
-2.881052371209810725e-01, 2.257349169051305005e+00
-2.871703535644620775e-01, 2.288078211010637464e+00
-2.862399867029785661e-01, 2.319003706468246939e+00
-2.853163382502046930e-01, 2.350113078773466313e+00
-2.844016099198141689e-01, 2.381393751275628023e+00
-2.834980034254809267e-01, 2.412833147324065397e+00
-2.826077204808790100e-01, 2.444418690268109984e+00
-2.817329627996821850e-01, 2.476137803457095110e+00
-2.808759320955644956e-01, 2.507977910240353658e+00
-2.800388300821997078e-01, 2.539926433967218067e+00
-2.792238584732617546e-01, 2.571970797987021218e+00
-2.784332189824247350e-01, 2.604098425649095994e+00
-2.776691133233622488e-01, 2.636296740302774388e+00
-2.769337432097484508e-01, 2.668553165297389729e+00
-2.762293103552571072e-01, 2.700855123982274009e+00
-2.755580164735622062e-01, 2.733190039706760555e+00
-2.749220632783376250e-01, 2.765545335820181805e+00
-2.743236524832572965e-01, 2.797908435671870642e+00
-2.737649858019950977e-01, 2.830266762611159503e+00
-2.732482649482249060e-01, 2.862607739987380828e+00
-2.727756916356207650e-01, 2.894918791149868387e+00
-2.723494675778563301e-01, 2.927187339447955061e+00
-2.719717944886058114e-01, 2.959400808230971069e+00
-2.716448740815429197e-01, 2.991546620848251070e+00
-2.713709080703415877e-01, 3.023612200649127502e+00
-2.711520981686758036e-01, 3.055584970982931914e+00
-2.709906460902193892e-01, 3.087452355198998966e+00
-2.708887535486463882e-01, 3.119201776646660207e+00
-2.708486222576305114e-01, 3.150820658675248076e+00
-2.708724539308458024e-01, 3.182296424634095899e+00
-2.709624502819660830e-01, 3.213616497872536115e+00
-2.711208130246653414e-01, 3.244768301739901162e+00
-2.713497438726175104e-01, 3.275739259585524810e+00
-2.716514445394963562e-01, 3.306516794758738165e+00
-2.720281167389759225e-01, 3.337088330608874998e+00
-2.724819621847300866e-01, 3.367441290485267302e+00
-2.730151825904327256e-01, 3.397563097737248405e+00
-2.736299796697577169e-01, 3.427441175714150301e+00
-2.743285551363789931e-01, 3.457062947765306760e+00
-2.751131107039705981e-01, 3.486415837240049331e+00
-2.759858480862062424e-01, 3.515487267487711343e+00
-2.769489689967599144e-01, 3.544264661857625232e+00
-2.780046751493055468e-01, 3.572735443699124325e+00
-2.791551682575169613e-01, 3.600887036361540172e+00
-2.804026081612642773e-01, 3.628706968228783136e+00
-2.817462599652936772e-01, 3.656190028722663854e+00
-2.831806671018352040e-01, 3.683342850919644196e+00
-2.846999380944295055e-01, 3.710173158803762306e+00
-2.862981814666168967e-01, 3.736688676359054551e+00
-2.879695057419379700e-01, 3.762897127569560407e+00
-2.897080194439330958e-01, 3.788806236419316686e+00
-2.915078310961428110e-01, 3.814423726892361977e+00
-2.933630492221075969e-01, 3.839757322972733977e+00
-2.952677823453678796e-01, 3.864814748644469500e+00
-2.972161389894641959e-01, 3.889603727891608465e+00
-2.992022276779369716e-01, 3.914131984698186795e+00
-3.012201569343267438e-01, 3.938407243048243078e+00
-3.032640352821738827e-01, 3.962437226925815459e+00
-3.053279712450189254e-01, 3.986229660314941636e+00
-3.074060733464024087e-01, 4.009792267199658866e+00
-3.094924501098647029e-01, 4.033132771564004848e+00
-3.115812100589463451e-01, 4.056258897392020835e+00
-3.136664617171877611e-01, 4.079178368667738752e+00
-3.157423136081294324e-01, 4.101898909375202074e+00
-3.178028742553120622e-01, 4.124428243498445390e+00
-3.198422521822757991e-01, 4.146774095021507733e+00
-3.218545559125611799e-01, 4.168944187928426359e+00
-3.238338939697087970e-01, 4.190946246203239411e+00
-3.257743748772590764e-01, 4.212787993829984146e+00
-3.276701071587524439e-01, 4.234477154792700482e+00
-3.295151993377293809e-01, 4.256021453075423899e+00
-3.313037599377305353e-01, 4.277428612662192542e+00
-3.330298974822961111e-01, 4.298706357537047218e+00
-3.346877204949668672e-01, 4.319862411684020742e+00
-3.362713374992829518e-01, 4.340904499087154811e+00
-3.377748570187851240e-01, 4.361840343730485792e+00
-3.391923875770137542e-01, 4.382677669598052717e+00
-3.405180376975093237e-01, 4.403424200673892841e+00
-3.417459159038122030e-01, 4.424087660942043421e+00
-3.428701307194630954e-01, 4.444675774386542599e+00
-3.438847906680022604e-01, 4.465196264991429409e+00
-3.447840042729702903e-01, 4.485656856740739329e+00
-3.455618800579076666e-01, 4.506065273618512279e+00
-3.462125265463548152e-01, 4.526429239608785515e+00
-3.467300522618521619e-01, 4.546756478695596293e+00
-3.471085657279402992e-01, 4.567054714862984532e+00
-3.473421754681595974e-01, 4.587331672094984825e+00
-3.474249900060506491e-01, 4.607595074375636202e+00
-3.473511178651538245e-01, 4.627852645688977695e+00
-3.471146675690096051e-01, 4.648112110019048338e+00
-3.467097476411585832e-01, 4.668381191349883608e+00
-3.461304666051410184e-01, 4.688667613665521650e+00
-3.453709329844976694e-01, 4.708979100949999719e+00
-3.444252553027687958e-01, 4.729323377187356847e+00
-3.432875420834948788e-01, 4.749708166361631179e+00
-3.419519018502165109e-01, 4.770141192456859969e+00
-3.404124431264741180e-01, 4.790630179457081361e+00
-3.386632744358081260e-01, 4.811182851346332612e+00
-3.366985043017590717e-01, 4.831806932108652752e+00
-3.345122412478673812e-01, 4.852510145728077262e+00
-3.320985937976735358e-01, 4.873300216188646949e+00
-3.294516763286519656e-01, 4.894184848208213978e+00
-3.265668442522688397e-01, 4.915167662073690380e+00
-3.234422218907360147e-01, 4.936243165167103264e+00
-3.200763082180363983e-01, 4.957404631834721798e+00
-3.164676022081530093e-01, 4.978645336422814260e+00
-3.126146028350688666e-01, 4.999958553277653373e+00
-3.085158090727666558e-01, 5.021337556745507413e+00
-3.041697198952298398e-01, 5.042775621172643774e+00
-2.995748342764411598e-01, 5.064266020905335175e+00
-2.947296511903835792e-01, 5.085802030289849007e+00
-2.896326696110401722e-01, 5.107376923672457103e+00
-2.842823885123936800e-01, 5.128983975399428630e+00
-2.786773068684273436e-01, 5.150616459817032755e+00
-2.728159236531239595e-01, 5.172267651271539535e+00
-2.666967378404666023e-01, 5.193930824109218136e+00
-2.603182484044381795e-01, 5.215599252676340392e+00
-2.536789543190216545e-01, 5.237266211319172804e+00
-2.467773545582000461e-01, 5.258924974383987205e+00
-2.396119480959563453e-01, 5.280568816217053651e+00
-2.321812339062734598e-01, 5.302191011164639534e+00
-2.244837109631344363e-01, 5.323784833573017572e+00
-2.165178782405222102e-01, 5.345343557788455158e+00
-2.082822347124197448e-01, 5.366860458157224123e+00
-1.997752793528100868e-01, 5.388328809025591859e+00
-1.909955111356761437e-01, 5.409741884739828421e+00
-1.819414290350008789e-01, 5.431092959646205642e+00
-1.726115320247672835e-01, 5.452375308090991801e+00
-1.630043190789583762e-01, 5.473582204420456065e+00
-1.531182891715570926e-01, 5.494706922980869379e+00
-1.429519412765463682e-01, 5.515742738118501798e+00
-1.325037743679092495e-01, 5.536682924179620713e+00
-1.217722874196286581e-01, 5.557520755510497068e+00
-1.107559794056876407e-01, 5.578249506457400919e+00
-9.945334930006910490e-02, 5.598862451366603210e+00
-8.786289607675602797e-02, 5.619352864584371332e+00
-7.598311870973145643e-02, 5.639714020456975341e+00
-6.381251617297824252e-02, 5.659939193330687068e+00
-5.134958744047946749e-02, 5.680021657551774794e+00
-3.859283148621807380e-02, 5.699954687466507686e+00
-2.554074728417697268e-02, 5.719731557421156687e+00
-1.219183380833921068e-02, 5.739345541761990077e+00
1.455409967312221164e-03, 5.758789914835278800e+00
1.540248506879439774e-02, 5.778057950987291136e+00
2.965089252212431761e-02, 5.797142924564298916e+00
4.420213335331901749e-02, 5.816038109912570420e+00
5.905770858839555493e-02, 5.834736781378376591e+00
7.421911925337086602e-02, 5.853232213307985710e+00
8.968786637426209851e-02, 5.871517680047667831e+00
1.054654509770861781e-01, 5.889586455943693011e+00
1.215533740878610436e-01, 5.907431815342331305e+00
1.379531367326019553e-01, 5.925047032589851881e+00
1.546662399373268659e-01, 5.942425382032525683e+00
1.716941847280527567e-01, 5.959560138016619213e+00
1.890384721307966087e-01, 5.976444574888405192e+00
2.067006031715755143e-01, 5.993071966994152788e+00
2.246820788764065102e-01, 6.009435588680132057e+00
2.429844002713065776e-01, 6.025528714292610388e+00
2.616090675508463415e-01, 6.041344618733433869e+00
2.805558944900567453e-01, 6.056877703772727273e+00
2.998194693468811955e-01, 6.072125862879655500e+00
3.193933713113387141e-01, 6.087087663784201297e+00
3.392711795734558722e-01, 6.101761674216356290e+00
3.594464733232516362e-01, 6.116146461906104115e+00
3.799128317507528552e-01, 6.130240594583434621e+00
4.006638340459781622e-01, 6.144042639978333220e+00
4.216930593989545173e-01, 6.157551165820791539e+00
4.429940869997005537e-01, 6.170764739840792323e+00
4.645604960382432869e-01, 6.183681929768327201e+00
4.863858657046014056e-01, 6.196301303333380694e+00
5.084637751888018142e-01, 6.208621428265941766e+00
5.307878036808652000e-01, 6.220640872295995827e+00
5.533515303708121946e-01, 6.232358203153533616e+00
5.761485344486702020e-01, 6.243771988568539655e+00
5.991723951044570784e-01, 6.254880796271003796e+00
6.224166915282007828e-01, 6.265683193990912336e+00
6.458750029099190604e-01, 6.276177749458251576e+00
6.695409084396396482e-01, 6.286363030403012253e+00
6.934079873073802913e-01, 6.296237604555178891e+00
7.174698187031690599e-01, 6.305800039644741339e+00
7.417199818170234771e-01, 6.315048903401684122e+00
7.661520558389715019e-01, 6.323982763555997977e+00
7.907596199590307684e-01, 6.332600187837666539e+00
8.155362533672294578e-01, 6.340899743976682323e+00
8.404755352535848711e-01, 6.348879999703028076e+00
8.655710448081254116e-01, 6.356539522746695425e+00
8.908163612208682691e-01, 6.363876880837668004e+00
9.162050636818416249e-01, 6.370890641705936552e+00
9.417307313810632241e-01, 6.377579373081485592e+00
9.673869435085606927e-01, 6.383941642694304974e+00
9.931672792543519979e-01, 6.389976018274380998e+00
1.019065317808465210e+00, 6.395681067551702625e+00
1.045074638360917518e+00, 6.401055358256255268e+00
1.071188820101737216e+00, 6.406097458118027888e+00
1.097401442220941936e+00, 6.410805934867006783e+00
1.123706083908559528e+00, 6.415179356233180918e+00
1.150096324354607624e+00, 6.419216289946537479e+00
1.176565742749114296e+00, 6.422915303737062764e+00
1.203107918282097177e+00, 6.426274965334744849e+00
1.229716430143584116e+00, 6.429293842469571807e+00
1.256384857523592968e+00, 6.431970502871529938e+00
1.283106779612151582e+00, 6.434303514270609092e+00
1.309875775599277370e+00, 6.436291444396794681e+00
1.336685424674998846e+00, 6.437932860980074778e+00
1.363529306029333643e+00, 6.439226331750435683e+00
1.390400998852308501e+00, 6.440170424437869023e+00
1.417294082333942606e+00, 6.440763706772356656e+00
1.444202135664263142e+00, 6.441004746483889321e+00
1.471118738033288187e+00, 6.440892111302454204e+00
1.498037468631045144e+00, 6.440424368958038492e+00
1.524951906647551869e+00, 6.439600087180628485e+00
1.551855631272836877e+00, 6.438417833700214921e+00
1.578742221696916692e+00, 6.436876176246782322e+00
1.605605257109820272e+00, 6.434973682550318763e+00
1.632438316701567693e+00, 6.432708920340812320e+00
1.659234979662178810e+00, 6.430080457348251954e+00
1.685988482087259488e+00, 6.427087211695991620e+00
1.712690564813070582e+00, 6.423729628576690942e+00
1.739332561438935665e+00, 6.420008569083459626e+00
1.765905805555438635e+00, 6.415924894318323801e+00
1.792401630753174047e+00, 6.411479465383309595e+00
1.818811370622725576e+00, 6.406673143380444913e+00
1.845126358754687779e+00, 6.401506789411754994e+00
1.871337928739644330e+00, 6.395981264579267744e+00
1.897437414168190450e+00, 6.390097429985007516e+00
1.923416148630909150e+00, 6.383856146731002212e+00
1.949265465718395207e+00, 6.377258275919276187e+00
1.974976699021232296e+00, 6.370304678651859120e+00
2.000541182130015638e+00, 6.362996216030775365e+00
2.025950248635327799e+00, 6.355333749158051049e+00
2.051195232127764001e+00, 6.347318139135714077e+00
2.076267466197908362e+00, 6.338950247065790577e+00
2.101158284436354329e+00, 6.330230934050304903e+00
2.125859020433687796e+00, 6.321161061191286734e+00
2.150361007780499989e+00, 6.311741489590759535e+00
2.174655580067378580e+00, 6.301973080350752099e+00
2.198734070884914349e+00, 6.291856694573289666e+00
2.222587813823694081e+00, 6.281393193360399252e+00
2.246208142474310776e+00, 6.270583437814106098e+00
2.269586390427348555e+00, 6.259428289036437221e+00
2.292713891273401750e+00, 6.247928608129419636e+00
2.315581978603054480e+00, 6.236085256195079474e+00
2.338181986006901081e+00, 6.223899094335442861e+00
2.360505247075525670e+00, 6.211370983652536815e+00
2.382543095399522137e+00, 6.198501785248386575e+00
2.404286864569475046e+00, 6.185292360225020936e+00
2.425727888175978286e+00, 6.171743569684463360e+00
2.446857499809615977e+00, 6.157856274728742640e+00
2.467667033060982007e+00, 6.143631336459882242e+00
2.488147821520661385e+00, 6.129069615979913621e+00
2.508291198779247555e+00, 6.114171974390857578e+00
2.528088498427325082e+00, 6.098939272794746458e+00
2.547531054055487854e+00, 6.083372372293600172e+00
2.566610199254319991e+00, 6.067472133989450178e+00
2.585317267614415826e+00, 6.051239418984319052e+00
2.603643592726359923e+00, 6.034675088380237362e+00
2.621580508180745284e+00, 6.017780003279228573e+00
2.639119347568158691e+00, 6.000555024783319702e+00
2.656251444479189150e+00, 5.983001013994537765e+00
2.672968132504427441e+00, 5.965118832014908890e+00
2.689260745234460792e+00, 5.946909339946460982e+00
2.705120616259880872e+00, 5.928373398891217505e+00
2.720539079171273578e+00, 5.909511869951207252e+00
2.735507467559231465e+00, 5.890325614228454576e+00
2.750017115014340430e+00, 5.870815492824988269e+00
2.764059355127193029e+00, 5.850982366842832683e+00
2.777625521488375604e+00, 5.830827097384018387e+00
2.790706947688478934e+00, 5.810350545550564405e+00
2.803294967318091580e+00, 5.789553572444503970e+00
2.815380913967802101e+00, 5.768437039167858771e+00
2.826956121228201280e+00, 5.747001806822659375e+00
2.838011922689877231e+00, 5.725248736510929248e+00
2.848539651943418960e+00, 5.703178689334697182e+00
2.858532619588759260e+00, 5.680793509257100915e+00
2.867996336936267987e+00, 5.658101105768442274e+00
2.876940964929403322e+00, 5.635111699902748406e+00
2.885376673664439284e+00, 5.611835517244337268e+00
2.893313633237655225e+00, 5.588282783377517049e+00
2.900762013745326495e+00, 5.564463723886605706e+00
2.907731985283731113e+00, 5.540388564355914092e+00
2.914233717949144875e+00, 5.516067530369760163e+00
2.920277381837845798e+00, 5.491510847512451221e+00
2.925873147046110123e+00, 5.466728741368306999e+00
2.931031183670215423e+00, 5.441731437521634795e+00
2.935761661806437939e+00, 5.416529161556754346e+00
2.940074751551055243e+00, 5.391132139057975614e+00
2.943980623000343577e+00, 5.365550595609614781e+00
2.947489446250580958e+00, 5.339794756795980923e+00
2.950611391398042738e+00, 5.313874848201393775e+00
2.953356628539007378e+00, 5.287801095410161523e+00
2.955735327769751120e+00, 5.261583724006603013e+00
2.957757659186551535e+00, 5.235232959575024658e+00
2.959433792885683978e+00, 5.208759027699748856e+00
2.960773898963426909e+00, 5.182172153965081129e+00
2.961788147516057013e+00, 5.155482563955342989e+00
2.962486708639850086e+00, 5.128700483254839959e+00
2.962879752431084590e+00, 5.101836137447892661e+00
2.962977448986036766e+00, 5.074899752118808394e+00
2.962789968400983742e+00, 5.047901552851906892e+00
2.962327480772202204e+00, 5.020851765231495456e+00
2.961600156195969724e+00, 4.993760614841892931e+00
2.960618164768562099e+00, 4.966638327267412834e+00
2.959391676586257347e+00, 4.939495128092364240e+00
2.957930861745331708e+00, 4.912341242901066884e+00
2.956245890342062754e+00, 4.885186897277827178e+00
2.954346932472726728e+00, 4.858042316806967520e+00
2.952244158233600313e+00, 4.830917727072793433e+00
2.949947737720962415e+00, 4.803823353659624651e+00
2.947467841031087499e+00, 4.776769422151767586e+00
2.944814638260254025e+00, 4.749766158133544636e+00
2.941998299504738679e+00, 4.722823787189261324e+00
2.939028994860817701e+00, 4.695952534903239162e+00
2.935916894424769108e+00, 4.669162626859784559e+00
2.932672168292869141e+00, 4.642464288643215475e+00
2.929304986561394486e+00, 4.615867745837841873e+00
2.925825519326623159e+00, 4.589383224027984376e+00
2.922243936684830956e+00, 4.563020948797947618e+00
2.918570408732295451e+00, 4.536791145732053110e+00
2.914815105565293329e+00, 4.510704040414608151e+00
2.910988197280102163e+00, 4.484769858429931588e+00
2.907099853972996861e+00, 4.458998825362331608e+00
2.903160245740256773e+00, 4.433401166796128834e+00
2.899179542678158583e+00, 4.407987108315628788e+00
2.895167914882977200e+00, 4.382766875505153870e+00
2.891135532450991530e+00, 4.357750693949008713e+00
2.887092565478478257e+00, 4.332948789231513942e+00
2.883049184061713621e+00, 4.308371386936978631e+00
2.879015558296975197e+00, 4.284028712649721626e+00
2.875001858280538780e+00, 4.259930991954049340e+00
2.871018254108683720e+00, 4.236088450434282393e+00
2.867074124034238114e+00, 4.212510115966925817e+00
2.863171787613199903e+00, 4.189194339752039475e+00
2.859309858019190465e+00, 4.166133866877616221e+00
2.855486915582530205e+00, 4.143321392754313770e+00
2.851701540633539089e+00, 4.120749612792784511e+00
2.847952313502537525e+00, 4.098411222403683496e+00
2.844237814519845475e+00, 4.076298916997662225e+00
2.840556624015783793e+00, 4.054405391985379303e+00
2.836907322320671554e+00, 4.032723342777483566e+00
2.833288489764830498e+00, 4.011245464784635395e+00
2.829698706678579256e+00, 3.989964453417482293e+00
2.826136553392238682e+00, 3.968873004086681977e+00
2.822600610236129626e+00, 3.947963812202890388e+00
2.819089457540571164e+00, 3.927229573176757249e+00
2.815601675635884149e+00, 3.906662982418941166e+00
2.812135844852388988e+00, 3.886256735340092305e+00
2.808690545520405202e+00, 3.866003527350868385e+00
2.805264357970253641e+00, 3.845896053861919572e+00
2.801855862532254271e+00, 3.825927010283904472e+00
2.798463639536727054e+00, 3.806089092027472365e+00
2.795086269313992844e+00, 3.786374994503282299e+00
2.791722332194370715e+00, 3.766777413121983997e+00
2.788370408508182408e+00, 3.747289043294236066e+00
2.785029078585746554e+00, 3.727902580430688673e+00
2.781696922757384449e+00, 3.708610719941998646e+00
2.778372521353416058e+00, 3.689406157238817485e+00
2.775054454704160900e+00, 3.670281587731802464e+00
2.771741303139940271e+00, 3.651229706831604194e+00
2.768431646991074135e+00, 3.632243209948880835e+00
2.765124066587882012e+00, 3.613314792494282557e+00
2.761817142260684754e+00, 3.594437149878467075e+00
2.758509454339801881e+00, 3.575602977512085445e+00
2.755199583155554244e+00, 3.556804970805794053e+00
2.751886109038261807e+00, 3.538035825170245285e+00
2.748567612318244979e+00, 3.519288236016096416e+00
2.745242673325824168e+00, 3.500554898753996280e+00
2.741909872391318004e+00, 3.481828508794604815e+00
2.738567789845049116e+00, 3.463101761548571744e+00
2.735215006017336137e+00, 3.444367352426553897e+00
2.731850101238499473e+00, 3.425617976839202772e+00
2.728471655838859533e+00, 3.406846330197176087e+00
2.725078250148737169e+00, 3.388045107911124010e+00
2.721668464498450568e+00, 3.369207005391705145e+00
2.718240879218322359e+00, 3.350324718049568773e+00
2.714794074638671173e+00, 3.331390941295373942e+00
2.711326631089817862e+00, 3.312398370539769488e+00
2.707837128902082391e+00, 3.293339701193414903e+00
2.704324148405785611e+00, 3.274207628666959913e+00
2.700786269931246153e+00, 3.254994848371062233e+00
2.697222073808785758e+00, 3.235694055716372919e+00
2.693630140368723946e+00, 3.216297946113548800e+00
2.690009049941381569e+00, 3.196799214973240932e+00
2.686357382857077702e+00, 3.177190557706107921e+00
2.682673719446133642e+00, 3.157464669722799044e+00
2.678956640038868464e+00, 3.137614246433969356e+00
2.675204724965603909e+00, 3.117631983250277461e+00
2.671416554556658607e+00, 3.097510575582371750e+00
2.667590781947438927e+00, 3.077243314122487305e+00
2.663727035299452872e+00, 3.056831461740539435e+00
2.659825638853178909e+00, 3.036281972708175569e+00
2.655886931870956591e+00, 3.015601924121383171e+00
2.651911253615126363e+00, 2.994798393076154142e+00
2.647898943348026890e+00, 2.973878456668474168e+00
2.643850340331999060e+00, 2.952849191994337819e+00
2.639765783829381540e+00, 2.931717676149729002e+00
2.635645613102514773e+00, 2.910490986230642285e+00
2.631490167413737424e+00, 2.889176199333062467e+00
2.627299786025390382e+00, 2.867780392552983670e+00
2.623074808199811869e+00, 2.846310642986391137e+00
2.618815573199343660e+00, 2.824774027729278103e+00
2.614522420286323978e+00, 2.803177623877629809e+00
2.610195688723092378e+00, 2.781528508527440380e+00
2.605835717771988858e+00, 2.759833758774694612e+00
2.601442846695353861e+00, 2.738100451715386630e+00
2.597017414755525166e+00, 2.716335664445501230e+00
2.592559761214844993e+00, 2.694546474061032537e+00
2.588070225335650676e+00, 2.672739957657965792e+00
2.583549146380283545e+00, 2.650923192332294231e+00
2.578996863611081825e+00, 2.629103255180003096e+00
2.574413716290386400e+00, 2.607287223297086509e+00
2.569800043680536827e+00, 2.585482173779529269e+00
2.565156185043872661e+00, 2.563695183723325499e+00
2.560482479642732123e+00, 2.541933330224460441e+00
2.555779266739457878e+00, 2.520203690378926442e+00
2.551046885596386371e+00, 2.498513341282711409e+00
2.546285675475860266e+00, 2.476869360031806799e+00
2.541495975640216898e+00, 2.455278823722198300e+00
2.536678125351797153e+00, 2.433748809449880035e+00
2.531832463872940142e+00, 2.412286394310837245e+00
2.526959330465986309e+00, 2.390898655401063166e+00
2.522059064393274319e+00, 2.369592669816543484e+00
2.517132004917144616e+00, 2.348375514653271878e+00
2.512178491299936312e+00, 2.327254267007232702e+00
2.507198862803989847e+00, 2.306236003974420523e+00
2.502193458691643890e+00, 2.285327802650821472e+00
2.497162618225239328e+00, 2.264536740132426562e+00
2.492106680667115270e+00, 2.243869893515223701e+00
2.487025985279610385e+00, 2.223334339895203460e+00
2.481920871325066003e+00, 2.202937156368356408e+00
2.476791678065820346e+00, 2.182685420030669121e+00
2.471638744764215190e+00, 2.162586207978135278e+00
2.466462410682587869e+00, 2.142646597306739231e+00
2.461263015083279715e+00, 2.122873665112475550e+00
2.456040897228628950e+00, 2.103274488491329031e+00
2.450796396380976905e+00, 2.083856144539293354e+00
2.445529851802661359e+00, 2.064625710352353760e+00
2.440241602756023642e+00, 2.045590263026503486e+00
2.434931988503402867e+00, 2.026756879657729549e+00
2.429601348307138586e+00, 2.008132637342023408e+00
2.424250021429570356e+00, 1.989724613175371193e+00
2.418878347133038620e+00, 1.971539884253767028e+00
2.413486664679882043e+00, 1.953585527673195932e+00
2.408075313332441514e+00, 1.935868620529650919e+00
2.402644632353055254e+00, 1.918396239919118118e+00
2.397194947431489975e+00, 1.901175052657569919e+00
2.391726292072486437e+00, 1.884202893214209418e+00
2.386238418284865048e+00, 1.867469086828106084e+00
2.380731066643615890e+00, 1.850962613109765620e+00
2.375203977723737925e+00, 1.834672451669701054e+00
2.369656892100222123e+00, 1.818587582118418311e+00
2.364089550348066116e+00, 1.802696984066430197e+00
2.358501693042261316e+00, 1.786989637124242858e+00
2.352893060757805799e+00, 1.771454520902368657e+00
2.347263394069690534e+00, 1.756080615011313739e+00
2.341612433552914041e+00, 1.740856899061591134e+00
2.335939919782466401e+00, 1.725772352663706766e+00
2.330245593333347021e+00, 1.710815955428173440e+00
2.324529194780545982e+00, 1.695976686965496416e+00
2.318790464699061360e+00, 1.681243526886189388e+00
2.313029143663885012e+00, 1.666605454800758501e+00
2.307244972250014570e+00, 1.652051450319715453e+00
2.301437691032441002e+00, 1.637570493053567278e+00
2.295607040586162828e+00, 1.623151562612826115e+00
2.289752761486170574e+00, 1.608783638607998556e+00
2.283874594307461869e+00, 1.594455700649596297e+00
2.277972279625029461e+00, 1.580156728348126594e+00
2.272045558013870092e+00, 1.565875701314101365e+00
2.266094170048975620e+00, 1.551601599158027200e+00
2.260117856305342343e+00, 1.537323401490416463e+00
2.254116357357964340e+00, 1.523030087921775300e+00
2.248089413781836132e+00, 1.508710638062614962e+00
2.242036766151953575e+00, 1.494354031523445814e+00
2.235958155043308970e+00, 1.479949247914774890e+00
2.229853321030898616e+00, 1.465485266847113666e+00
2.223722004689716591e+00, 1.450951067930969840e+00
2.217563946594757862e+00, 1.436335630776854888e+00
2.211378887321015618e+00, 1.421627934995275400e+00
2.205166567443486159e+00, 1.406816960196743516e+00
2.198926727537163117e+00, 1.391891685991766048e+00
2.192659108177041460e+00, 1.376841091990854915e+00
2.186363449938115266e+00, 1.361654157804516929e+00
2.180039493395379946e+00, 1.346319863043264231e+00
2.173686979123829133e+00, 1.330827187317603411e+00
2.167305647698458237e+00, 1.315165110238046609e+00
2.160895239694260894e+00, 1.299322611415100415e+00
2.154455495686232958e+00, 1.283288670459277414e+00
2.147986156249367173e+00, 1.267052266981083086e+00
2.141486961958660729e+00, 1.250602380591031126e+00
2.134957653389105481e+00, 1.233927990899626570e+00
2.128397971115698617e+00, 1.217018077517382890e+00
2.121807655713431995e+00, 1.199861620054805789e+00
2.115186447757302357e+00, 1.182447598122408294e+00
2.108534087822302894e+00, 1.164764991330696109e+00
2.101850316483429459e+00, 1.146802779290182261e+00
2.095134874315676132e+00, 1.128549941611372454e+00
2.088387501894036991e+00, 1.109995457904779936e+00
2.081607939793506556e+00, 1.091128307780909967e+00
2.074795928589080685e+00, 1.071937470850275798e+00
2.067951208855752121e+00, 1.052411926723383129e+00
2.061073521168517164e+00, 1.032540655010745434e+00
2.054162606102369004e+00, 1.012312635322867971e+00
2.047218324374310949e+00, 9.917171087693854581e-01
2.040245207221854873e+00, 9.707534822382682949e-01
2.033253853053859750e+00, 9.494343683231246667e-01
2.026255265758455604e+00, 9.277732621770892196e-01
2.019260449223771570e+00, 9.057836589533051486e-01
2.012280407337937227e+00, 8.834790538049066555e-01
2.005326143989084375e+00, 8.608729418850370463e-01
1.998408663065339708e+00, 8.379788183468306340e-01
1.991538968454835690e+00, 8.148101783434308354e-01
1.984728064045701013e+00, 7.913805170279716306e-01
1.977986953726066366e+00, 7.677033295535966584e-01
1.971326641384060219e+00, 7.437921110734398988e-01
1.964758130907813483e+00, 7.196603567406424373e-01
1.958292426185456403e+00, 6.953215617083455813e-01
1.951940531105117671e+00, 6.707892211296830887e-01
1.945713449554928642e+00, 6.460768301577991535e-01
1.939622185423017564e+00, 6.211978839458269785e-01
1.933677742597515348e+00, 5.961658776469105359e-01
1.927891124966551351e+00, 5.709943064141839164e-01
1.922273336418255818e+00, 5.456966654007905371e-01
1.916835380840757885e+00, 5.202864497598644888e-01
1.911588262122189130e+00, 4.947771546445491886e-01
1.906542984150677134e+00, 4.691822752079786718e-01
1.901710550814353473e+00, 4.435153066032966884e-01
1.897101966001346840e+00, 4.177897439836368854e-01
1.892728233599788368e+00, 3.920190825021434566e-01
1.888600357497806748e+00, 3.662168173119496606e-01
1.884729341583532891e+00, 3.403964435661996357e-01
1.881126189745095489e+00, 3.145714564180270845e-01
1.877801905870625454e+00, 2.887553510205757568e-01
1.874767493848251920e+00, 2.629616225269792995e-01
1.872033957566105355e+00, 2.372037660903817957e-01
1.869612300912314895e+00, 2.114952768639168645e-01
1.867513527775011228e+00, 1.858496500007283392e-01
1.865748642042323491e+00, 1.602803806539498388e-01
1.864328647602382372e+00, 1.348009639767254741e-01
1.863264548343316562e+00, 1.094248951221886840e-01
1.862567348153256974e+00, 8.416566924348346801e-02
1.862248050920332965e+00, 5.903678149374363970e-02
1.862317660532674779e+00, 3.405172702611281021e-02
1.862787180878411775e+00, 9.224000993724806863e-03
1.863667615845674419e+00, -1.543290145027645388e-02
1.864969969322592069e+00, -3.990548515275718633e-02
1.866705245197294527e+00, -6.418025496057386259e-02
1.868884447357912260e+00, -8.824371572059239166e-02
1.871518579692574402e+00, -1.120823722796691346e-01
1.874618646089411422e+00, -1.356827294846702503e-01
1.878195650436552677e+00, -1.590312921824521830e-01
1.882260596622128856e+00, -1.821145652198807308e-01
1.886824488534268651e+00, -2.049190534438125044e-01
1.891898330061102973e+00, -2.274312617011132187e-01
1.897493125090760957e+00, -2.496376948386399008e-01
1.903619877511372849e+00, -2.715248577032579602e-01
1.910289591211068450e+00, -2.930792551418242020e-01
1.917513270077978005e+00, -3.142873920012042022e-01
1.925301918000231094e+00, -3.351357731282568753e-01
1.933666538865956408e+00, -3.556109033698416355e-01
1.942618031357775443e+00, -3.756993492935819523e-01
1.952158128128206993e+00, -3.953930548881575691e-01
1.962272412783918840e+00, -4.146934382786504059e-01
1.972944825095472421e+00, -4.336028819769826570e-01
1.984159304833436055e+00, -4.521237684950842328e-01
1.995899791768371179e+00, -4.702584803448773831e-01
2.008150225670844780e+00, -4.880094000382916852e-01
2.020894546311419404e+00, -5.053789100872497775e-01
2.034116693460662262e+00, -5.223693930036811262e-01
2.047800606889134123e+00, -5.389832312995082031e-01
2.061930226367404639e+00, -5.552228074866606411e-01
2.076489491666033249e+00, -5.710905040770610785e-01
2.091462342555588716e+00, -5.865887035826387041e-01
2.106832718806632254e+00, -6.017197885153163783e-01
2.122584560189731739e+00, -6.164861413870231788e-01
2.138701806475448830e+00, -6.308901447096826320e-01
2.155168397434350958e+00, -6.449341809952229276e-01
2.171968272836999780e+00, -6.586206327555679252e-01
2.189085372453963174e+00, -6.719518825026457032e-01
2.206503636055802353e+00, -6.849303127483803433e-01
2.224207003413085637e+00, -6.975583060047000350e-01
2.242179414296372464e+00, -7.098382447835285269e-01
2.260404808476233374e+00, -7.217725115967941196e-01
2.278867125723228249e+00, -7.333634889564204506e-01
2.297550305807925852e+00, -7.446135593743360426e-01
2.316438288500886067e+00, -7.555251053624646440e-01
2.335515013572678100e+00, -7.661005094327343334e-01
2.354764420793862723e+00, -7.763421540970689705e-01
2.374170449935008254e+00, -7.862524218673968557e-01
2.393717040766675463e+00, -7.958336952556420707e-01
2.413388133059432672e+00, -8.050883567737324720e-01
2.433167666583840649e+00, -8.140187889335921412e-01
2.453039581110468159e+00, -8.226273742471490458e-01
2.472987816409875972e+00, -8.309164952263271564e-01
2.492996312252631963e+00, -8.388885343830547736e-01
2.513049008409297347e+00, -8.465458742292557570e-01
2.533129844650441331e+00, -8.538908972768580741e-01
2.553222760746622910e+00, -8.609259860377859175e-01
2.573311696468412180e+00, -8.676535230239668106e-01
2.593380591586369022e+00, -8.740758907473259454e-01
2.613413385871062644e+00, -8.801954717197898459e-01
2.633394019093054261e+00, -8.860146484532844813e-01
2.653306431022908640e+00, -8.915358034597352654e-01
2.673134561431191880e+00, -8.967613192510690556e-01
2.692862350088466528e+00, -9.016935783392112658e-01
2.712473736765300902e+00, -9.063349632360881980e-01
2.731952661232254886e+00, -9.106878564536260434e-01
2.751283063259898132e+00, -9.147546405037505490e-01
2.770448882618790076e+00, -9.185376978983876839e-01
2.789434059079500816e+00, -9.220394111494639722e-01
2.808222532412588901e+00, -9.252621627689048278e-01
2.826798242388623983e+00, -9.282083352686367750e-01
2.845145128778168164e+00, -9.308803111605856717e-01
2.863247131351787544e+00, -9.332804729566773760e-01
2.881088189880044226e+00, -9.354112031688379680e-01
2.898652244133506528e+00, -9.372748843089939719e-01
2.915923233882735222e+00, -9.388738988890706905e-01
2.932885116252536228e+00, -9.402106288569818116e-01
2.949527316318349524e+00, -9.412872784521654212e-01
2.965852482763182252e+00, -9.421056221466237446e-01
2.981865223772350415e+00, -9.426673707285062598e-01
2.997570147531162021e+00, -9.429742349859620010e-01
3.012971862224927744e+00, -9.430279257071401133e-01
3.028074976038955146e+00, -9.428301536801897420e-01
3.042884097158561563e+00, -9.423826296932601432e-01
3.057403833769054557e+00, -9.416870645345005730e-01
3.071638794055744803e+00, -9.407451689920600657e-01
3.085593586203940308e+00, -9.395586538540879884e-01
3.099272818398957519e+00, -9.381292299087333753e-01
3.112681098826104442e+00, -9.364586079441453714e-01
3.125823035670691308e+00, -9.345484987484732331e-01
3.138703237118026568e+00, -9.324006131098664385e-01
3.151326311353426668e+00, -9.300166618164736887e-01
3.163696866562199617e+00, -9.273983556564443509e-01
3.175819510929656087e+00, -9.245474054179275702e-01
3.187698852641104086e+00, -9.214655218890730470e-01
3.199339499881860061e+00, -9.181544158580290382e-01
3.210746060837231575e+00, -9.146157981129451331e-01
3.221923143692529745e+00, -9.108513794419706988e-01
3.232875356633062580e+00, -9.068628706332554357e-01
3.243607307844146526e+00, -9.026519824749470455e-01
3.254123605511089590e+00, -8.982204257551956728e-01
3.264428857819201557e+00, -8.935699112621504625e-01
3.274527672953794433e+00, -8.887021497839603379e-01
3.284424659100176225e+00, -8.836188521087756653e-01
3.294124424443662935e+00, -8.783217290247438136e-01
3.303631577169561684e+00, -8.728124913200147050e-01
3.312950725463184476e+00, -8.670928497827377068e-01
3.322086477509839320e+00, -8.611645152010630744e-01
3.331043441494842217e+00, -8.550291983631373993e-01
3.339826225603500287e+00, -8.486886100571113811e-01
3.348439438021125092e+00, -8.421444610711341650e-01
3.356887686933026416e+00, -8.353984621933563393e-01
3.365175580524516707e+00, -8.284523242119240516e-01
3.373307726980906640e+00, -8.213077579149883345e-01
3.381288734487505998e+00, -8.139664740906978890e-01
3.389123211229625010e+00, -8.064301835272038588e-01
3.396815765392576569e+00, -7.987005970126520582e-01
3.404371005161670904e+00, -7.907794253351931868e-01
3.411793538722217356e+00, -7.826683792829765007e-01
3.419087974259527041e+00, -7.743691696441531436e-01
3.426258919958912408e+00, -7.658835072068687078e-01
3.433310984005682798e+00, -7.572131027592737817e-01
3.440248774585148883e+00, -7.483596670895180658e-01
3.447076899882620893e+00, -7.393249109857522594e-01
3.453799968083412164e+00, -7.301105452361219550e-01
3.460422587372831593e+00, -7.207182806287782961e-01
3.466949365936190297e+00, -7.111498279518702059e-01
3.473384911958797172e+00, -7.014068979935489390e-01
3.479733833625967332e+00, -6.914912015419598657e-01
3.486000739123007452e+00, -6.814044493852540185e-01
3.492190236635231315e+00, -6.711483523115806538e-01
3.498306934347946040e+00, -6.607246211090911370e-01
3.504355440446466741e+00, -6.501349665659301724e-01
3.510340363029209598e+00, -6.393810994305962891e-01
3.516265760377161875e+00, -6.284644795420556429e-01
3.522133836895668502e+00, -6.173857207219685117e-01
3.527946406662167522e+00, -6.061452586656024266e-01
3.533705283754095205e+00, -5.947435290682318021e-01
3.539412282248887820e+00, -5.831809676251284991e-01
3.545069216223981634e+00, -5.714580100315672651e-01
3.550677899756815137e+00, -5.595750919828154091e-01
3.556240146924823708e+00, -5.475326491741474566e-01
3.561757771805444950e+00, -5.353311173008352686e-01
3.567232588476113353e+00, -5.229709320581537035e-01
3.572666411014268295e+00, -5.104525291413697374e-01
3.578061053497346045e+00, -4.977763442457582288e-01
3.583418330002782426e+00, -4.849428130665908721e-01
3.588740054608014596e+00, -4.719523712991400832e-01
3.594028041390477934e+00, -4.588054546386805543e-01
3.599284104427611375e+00, -4.455024987804789838e-01
3.604510057796851186e+00, -4.320439394198103411e-01
3.609707715575632747e+00, -4.184302122519465428e-01
3.614878891841393660e+00, -4.046617529721626139e-01
3.620025400671570637e+00, -3.907389972757249197e-01
3.625149056143600834e+00, -3.766623808579085964e-01
3.630251672334920077e+00, -3.624323394139856158e-01
3.635335063322964633e+00, -3.480493086392309476e-01
3.640401043185173435e+00, -3.335137242289109571e-01
3.645451425998981421e+00, -3.188260218783006694e-01
3.650488025841825745e+00, -3.039866372826721119e-01
3.655512656791142234e+00, -2.889960061373005318e-01
3.660527132924369376e+00, -2.738545641374519057e-01
3.665533268318943438e+00, -2.585627469784013699e-01
3.670532877052299803e+00, -2.431209903554210627e-01
3.675527773201876069e+00, -2.275297299637862314e-01
3.680519770845108951e+00, -2.117894014987627138e-01
3.685510684059435604e+00, -1.959004406556257294e-01
3.690502326922292742e+00, -1.798632831296474166e-01
3.695496513511114856e+00, -1.636783646161031336e-01
3.700495057903342211e+00, -1.473461208102584408e-01
3.705499774176409300e+00, -1.308669874073887796e-01
3.710512476407753724e+00, -1.142414001027660941e-01
3.715534978674810418e+00, -9.746979459166607573e-02
3.720569095055018760e+00, -8.055260656935399333e-02
3.725616639625813686e+00, -6.349027173110526057e-02
3.730679426464633242e+00, -4.628322577219212697e-02
3.735759269648911918e+00, -2.893190438789008251e-02
3.740857983256089092e+00, -1.143674327346436148e-02
3.745977381363599701e+00, 6.201821875809629403e-03
3.751119278048880901e+00, 2.398335536465958512e-02
3.756285487389369404e+00, 4.190742149780987691e-02
3.761477823462501924e+00, 5.997358457999565906e-02
3.766698100345716504e+00, 7.818140891594110853e-02
3.771948132116447638e+00, 9.653045881037414233e-02
3.777229732852132482e+00, 1.150202985680189305e-01
3.782544716630209081e+00, 1.336504924936108840e-01
3.787894897528113702e+00, 1.524206048918741729e-01
3.793282089623282616e+00, 1.713302000675364645e-01
3.798708106993152978e+00, 1.903788423253259809e-01
3.804174763715160168e+00, 2.095660959699664760e-01
3.809683873866742676e+00, 2.288915253061938326e-01
3.815236690333605463e+00, 2.483538882955315386e-01
3.820831800602300543e+00, 2.679481131451375564e-01
3.826467001662491541e+00, 2.876679922439520642e-01
3.832140090378918007e+00, 3.075073178014258724e-01
3.837848863616315942e+00, 3.274598820269976618e-01
3.843591118239423121e+00, 3.475194771301101104e-01
3.849364651112975100e+00, 3.676798953202020104e-01
3.855167259101711430e+00, 3.879349288067240886e-01
3.860996739070368555e+00, 4.082783697991152483e-01
3.866850887883682919e+00, 4.287040105068180007e-01
3.872727502406391853e+00, 4.492056431392710825e-01
3.878624379503233577e+00, 4.697770599059253871e-01
3.884539316038944978e+00, 4.904120530162197067e-01
3.890470108878262501e+00, 5.111044146795966636e-01
3.896414554885923476e+00, 5.318479371054947169e-01
3.902370450926666567e+00, 5.526364125033650376e-01
3.908335593865227331e+00, 5.734636330826463624e-01
3.914307780566344430e+00, 5.943233910527810915e-01
3.920284807894752976e+00, 6.152094786232080725e-01
3.926264472715192522e+00, 6.361156880033783656e-01
3.932244571892399509e+00, 6.570358114027301522e-01
3.938222902291110827e+00, 6.779636410307068317e-01
3.944197260776062475e+00, 6.988929690967463637e-01
3.950165444211994448e+00, 7.198175878103003633e-01
3.956125249463642302e+00, 7.407312893808071230e-01
3.962074473395743812e+00, 7.616278660177092652e-01
3.968010912873035423e+00, 7.825011099304454154e-01
3.973932364760254909e+00, 8.033448133284668558e-01
3.979836625922140048e+00, 8.241527684212118787e-01
3.985721493223427281e+00, 8.449187674181235508e-01
3.991584763528852164e+00, 8.656366025286400534e-01
3.997424233703156471e+00, 8.863000659622128907e-01
4.003237700611073535e+00, 9.069029499282802442e-01
4.009022961117342021e+00, 9.274390466362850693e-01
4.014777812086697928e+00, 9.479021482956657696e-01
4.020500050383880364e+00, 9.682860471158738491e-01
4.026187472873625772e+00, 9.885845353063473784e-01
4.031837876420671485e+00, 1.008791405076529202e+00
4.037449057889753945e+00, 1.028900448635862164e+00
4.043018814145610484e+00, 1.048905458193784446e+00
4.048544942052980211e+00, 1.068800225959748218e+00
4.054025238476598680e+00, 1.088578544143190996e+00
4.059457500281202336e+00, 1.108234204953555624e+00
4.064839524331529397e+00, 1.127761000600281172e+00
4.070169107492318084e+00, 1.147152723292818477e+00
4.075444046628303951e+00, 1.166403165240605944e+00
4.080662138604226108e+00, 1.185506118653086194e+00
4.085821180284818332e+00, 1.204455375739698741e+00
4.090918968534821509e+00, 1.223244728709893314e+00
4.095953300218972082e+00, 1.241867969773109648e+00
4.100921972202006494e+00, 1.260318891138789255e+00
4.105822781348662076e+00, 1.278591285016372092e+00
4.110653524523675273e+00, 1.296678943615308111e+00
4.115411998591785192e+00, 1.314575659145036601e+00
4.120096000417728277e+00, 1.332275223814999965e+00
4.124703326866240971e+00, 1.349771429834637271e+00
4.129231774802060606e+00, 1.367058069413398469e+00
4.133679586013953688e+00, 1.384130483760172892e+00
4.138048004839217420e+00, 1.400994467432554291e+00
4.142339517166444551e+00, 1.417660137439056278e+00
4.146556612824681132e+00, 1.434137624506841568e+00
4.150701781642968768e+00, 1.450437059363062442e+00
4.154777513450350845e+00, 1.466568572734874731e+00
4.158786298075871635e+00, 1.482542295349431605e+00
4.162730625348574520e+00, 1.498368357933894446e+00
4.166612985097502886e+00, 1.514056891215416423e+00
4.170435867151700116e+00, 1.529618025921153590e+00
4.174201761340207817e+00, 1.545061892778258450e+00
4.177913157492072926e+00, 1.560398622513892608e+00
4.181572545436337052e+00, 1.575638345855209232e+00
4.185182415002043577e+00, 1.590791193529364156e+00
4.188745256018234109e+00, 1.605867296263510324e+00
4.192263558313955585e+00, 1.620876784784809121e+00
4.195739811718249612e+00, 1.635829789820413938e+00
4.199176506060160463e+00, 1.650736442097480161e+00
4.202576131168729745e+00, 1.665606872343161182e+00
4.205941176873002618e+00, 1.680451211284618385e+00
4.209274133002021578e+00, 1.695279589649004492e+00
4.212577489384831786e+00, 1.710102138163475782e+00
4.215853735850472184e+00, 1.724928987555184756e+00
4.219105362227992373e+00, 1.739770268551293464e+00
4.222334858346432185e+00, 1.754636111878954630e+00
4.225544714034835891e+00, 1.769536648265324308e+00
4.228737419122245100e+00, 1.784482008437557887e+00
4.231915463437705860e+00, 1.799482323122808536e+00
4.235081336810260666e+00, 1.814547723048238081e+00
4.238237529068953791e+00, 1.829688338940999248e+00
4.241386530042825065e+00, 1.844914301528247869e+00
4.244530829560922314e+00, 1.860235741537137333e+00
4.247672917452286256e+00, 1.875662789694828581e+00
4.250815283545962053e+00, 1.891205576728475224e+00
4.253960417670992200e+00, 1.906874233365232429e+00
4.257110809656420081e+00, 1.922678890332253143e+00
4.260268949331290855e+00, 1.938629678356699859e+00
4.263437326524643467e+00, 1.954736728165724635e+00
4.266618431065526629e+00, 1.971010170486483970e+00
4.269814752782980172e+00, 1.987460136046129922e+00
4.273028781506050144e+00, 2.004096755571825650e+00
4.276263007063778154e+00, 2.020930159790722769e+00
4.279519919285207585e+00, 2.037970479429977555e+00
4.282802007999382710e+00, 2.055227845216741844e+00
4.286111763035346911e+00, 2.072712387878179463e+00
4.289451674222142685e+00, 2.090434238141441803e+00
4.292824231388815193e+00, 2.108403526733685140e+00
4.296231924364405153e+00, 2.126630384382062644e+00
4.299677242977958613e+00, 2.145124941813735475e+00
4.303162677058518959e+00, 2.163897329755856802e+00
4.306690716435128685e+00, 2.182957678935582901e+00
4.310263850936830288e+00, 2.202316120080064721e+00
4.313884570392667150e+00, 2.221982783916466531e+00
4.317555364631685322e+00, 2.241967801171940611e+00
4.321278723482926409e+00, 2.262281302573642350e+00
4.325057136775433797e+00, 2.282933418848723583e+00
4.328893094338251757e+00, 2.303934280724348138e+00
4.332788796202111214e+00, 2.325292688590424817e+00
4.336743595419129349e+00, 2.347004373603791993e+00
4.340755229126038728e+00, 2.369057648960819051e+00
4.344821415912477391e+00, 2.391440742716301582e+00
4.348939874368086933e+00, 2.414141882925024074e+00
4.353108323082504505e+00, 2.437149297641775902e+00
4.357324480645371700e+00, 2.460451214921340668e+00
4.361586065646325672e+00, 2.484035862818516183e+00
4.365890796675008012e+00, 2.507891469388086492e+00
4.370236392321057650e+00, 2.532006262684840525e+00
4.374620571174113515e+00, 2.556368470763566769e+00
4.379041051823814534e+00, 2.580966321679048381e+00
4.383495552859802302e+00, 2.605788043486084504e+00
4.387981792871713971e+00, 2.630821864239458296e+00
4.392497490449191133e+00, 2.656056011993958688e+00
4.397040364181870054e+00, 2.681478714804369279e+00
4.401608132659394990e+00, 2.707078200725489214e+00
4.406198514471401317e+00, 2.732842697812101207e+00
4.410809228207531518e+00, 2.758760434118993743e+00
4.415437992457420968e+00, 2.784819637700950867e+00
4.420082525810713925e+00, 2.811008536612772168e+00
4.424740546857046652e+00, 2.837315358909239915e+00
4.429409774186059856e+00, 2.863728332645143482e+00
4.434087926387392464e+00, 2.890235685875265581e+00
4.438772722050685182e+00, 2.916825646654405801e+00
4.443461879765575162e+00, 2.943486443037347300e+00
4.448153118121704885e+00, 2.970206303078879007e+00
4.452844155708711504e+00, 2.996973454833784078e+00
4.457532711116235724e+00, 3.023776126356861660e+00
4.462216502933915585e+00, 3.050602545702895352e+00
4.466893249751392680e+00, 3.077440940926673640e+00
4.471560670158305051e+00, 3.104279540082979683e+00
4.476216482744291625e+00, 3.131106571226612179e+00
4.480858406098993996e+00, 3.157910262412355618e+00
4.485484158812050204e+00, 3.184678841694998486e+00
4.490091459473098290e+00, 3.211400537129323052e+00
4.494678026671780735e+00, 3.238063576770128904e+00
4.499241578997736468e+00, 3.264656188672200532e+00
4.503779835040601753e+00, 3.291166600890325533e+00
4.508290513390019960e+00, 3.317583041479286177e+00
4.512771332635629129e+00, 3.343893738493883827e+00
4.517220011367068189e+00, 3.370086919988900753e+00
4.521634268173976956e+00, 3.396150814019125885e+00
4.526011821645995248e+00, 3.422073648639341492e+00
4.530350390372762881e+00, 3.447843651904348494e+00
4.534647692943919672e+00, 3.473449051868929160e+00
4.538901447949102774e+00, 3.498878076587872421e+00
4.543109373977952892e+00, 3.524118954115960989e+00
4.547269189620109842e+00, 3.549159912507995340e+00
4.551378613465214329e+00, 3.573989179818757300e+00
4.555435364102902618e+00, 3.598594984103036243e+00
4.559437160122818078e+00, 3.622965553415616657e+00
4.563381720114596085e+00, 3.647089115811295024e+00
4.567266762667880009e+00, 3.670953899344857163e+00
4.571090006372307002e+00, 3.694548132071090674e+00
4.574849169817517769e+00, 3.717860042044783597e+00
4.578541971593148574e+00, 3.740877857320720867e+00
4.582166265810755590e+00, 3.763590505177170975e+00
4.585721934391225219e+00, 3.785997375347285754e+00
4.589210420267090917e+00, 3.808105911582718939e+00
4.592633206525528422e+00, 3.829923764812444453e+00
4.595991776253714356e+00, 3.851458585965449988e+00
4.599287612538820902e+00, 3.872718025970709466e+00
4.602522198468024683e+00, 3.893709735757202139e+00
4.605697017128496995e+00, 3.914441366253901489e+00
4.608813551607417125e+00, 3.934920568389794315e+00
4.611873284991957256e+00, 3.955154993093854987e+00
4.614877700369293123e+00, 3.975152291295063200e+00
4.617828280826596021e+00, 3.994920113922391547e+00
4.620726509451047015e+00, 4.014466111904829049e+00
4.623573869329815622e+00, 4.033797936171347409e+00
4.626371843550078466e+00, 4.052923237650927213e+00
4.629121915199008619e+00, 4.071849667272542384e+00
4.631825567363783591e+00, 4.090584875965179279e+00
4.634484283131575566e+00, 4.109136514657812711e+00
4.637099545589561167e+00, 4.127512234279421044e+00
4.639672837824914353e+00, 4.145719685758979978e+00
4.642205642924809972e+00, 4.163766520025473206e+00
4.644699443976421982e+00, 4.181660388007878204e+00
4.647155724066926119e+00, 4.199408940635171561e+00
4.649575966283495454e+00, 4.217019828836328088e+00
4.651961653713306610e+00, 4.234500703540335920e+00
4.654314269443534435e+00, 4.251859215676168091e+00
4.656635296561352000e+00, 4.269103016172802967e+00
4.658926218153934151e+00, 4.286239755959216247e+00
4.661188517308457513e+00, 4.303277085964394288e+00
4.663423677112095156e+00, 4.320222657117309240e+00
4.665633180652021927e+00, 4.337084120346943017e+00
4.667818511015412675e+00, 4.353869126582268656e+00
4.669981151289442245e+00, 4.370585326752271627e+00
4.672122584561284597e+00, 4.387240371785928517e+00
4.674244293918116355e+00, 4.403841912612215914e+00
4.676347762447109702e+00, 4.420397600160111296e+00
4.678434473235442148e+00, 4.436915085358597466e+00
4.680505909370287654e+00, 4.453402019136651901e+00
4.682563553938818401e+00, 4.469866052423250302e+00
4.684608890028211015e+00, 4.486314836147374585e+00
4.686643400725640340e+00, 4.502756021237996897e+00
4.688668569118281226e+00, 4.519197258624103597e+00
4.690685878293307631e+00, 4.535646199234671272e+00
4.692696811337895291e+00, 4.552110493998675622e+00
4.694702851339218164e+00, 4.568597793845094124e+00
4.696705481384451097e+00, 4.585115749702911359e+00
4.698706184560768939e+00, 4.601672012501102138e+00
4.700706443955345648e+00, 4.618274233168645715e+00
4.702707742655356959e+00, 4.634930062634516901e+00
4.704711563747976832e+00, 4.651647151827701165e+00
4.706719390320379226e+00, 4.668433151677173321e+00
4.708732705459743428e+00, 4.685295713111911731e+00
4.710752992253237181e+00, 4.702242487060892095e+00
4.712781733788039773e+00, 4.719281124453099885e+00
4.714820413151325162e+00, 4.736419276217508134e+00
4.716870513430269085e+00, 4.753664593283097872e+00
4.718933517712042836e+00, 4.771024726578843911e+00
4.721011044751317165e+00, 4.788507048830496160e+00
4.723108053379580618e+00, 4.806112083516815403e+00
4.725232969336155442e+00, 4.823833244786651875e+00
4.727394379405112090e+00, 4.841663616546378002e+00
4.729600870370518351e+00, 4.859596282702378645e+00
4.731861029016442899e+00, 4.877624327161028006e+00
4.734183442126953523e+00, 4.895740833828705618e+00
4.736576696486118010e+00, 4.913938886611783019e+00
4.739049378878008589e+00, 4.932211569416645958e+00
4.741610076086689496e+00, 4.950551966149668637e+00
4.744267374896232070e+00, 4.968953160717228812e+00
4.747029862090703212e+00, 4.987408237025698021e+00
4.749906124454173373e+00, 5.005910278981464678e+00
4.752904748770707677e+00, 5.024452370490901210e+00
4.756034321824377464e+00, 5.043027595460385371e+00
4.759303430399250523e+00, 5.061629037796290476e+00
4.762720661279396417e+00, 5.080249781405001386e+00
4.766294601248882046e+00, 5.098882910192892304e+00
4.770033837091776974e+00, 5.117521508066342761e+00
4.773946955592146324e+00, 5.136158658931724297e+00
4.778042543534064102e+00, 5.154787446695421771e+00
4.782329187701596318e+00, 5.173400955263809387e+00
4.786815474878811649e+00, 5.191992268543267564e+00
4.791509991849776995e+00, 5.210554470440169617e+00
4.796421325398562807e+00, 5.229080644860892413e+00
4.801558062309235986e+00, 5.247563875711819925e+00
4.806928789365867871e+00, 5.265997246899325468e+00
4.812542093352524475e+00, 5.284373842329787685e+00
4.818406561053274473e+00, 5.302686745909579891e+00
4.824530779252187429e+00, 5.320929041545087834e+00
4.830923334733332020e+00, 5.339093813142684830e+00
4.837592814280774256e+00, 5.357174144608746857e+00
4.844547804678585479e+00, 5.375163119849650784e+00
4.851796892710834364e+00, 5.393053822771779693e+00
4.859348665161586922e+00, 5.410839337281507788e+00
4.867211708814913607e+00, 5.428512747285214601e+00
4.875394610454880429e+00, 5.446067136689271670e+00
4.883905956865560505e+00, 5.463495589400063857e+00
4.892754334831018959e+00, 5.480791189323966250e+00
4.901948331135325354e+00, 5.497947020367355719e+00
4.911496532562545703e+00, 5.514956166436607354e+00
4.921407525896754009e+00, 5.531811711438104240e+00
4.931689897922012733e+00, 5.548506739278222355e+00
4.942352235422395879e+00, 5.565034333863337679e+00
4.953403125181965017e+00, 5.581387579099826191e+00
4.964851153984795928e+00, 5.597559558894070975e+00
4.976704908614953737e+00, 5.613543357152445346e+00
4.988972975856508008e+00, 5.629332057781327059e+00
5.001663942493523862e+00, 5.644918744687092982e+00
5.014786395310074418e+00, 5.660296501776126199e+00
5.028348921090225687e+00, 5.675458412954799137e+00
5.042360106618049009e+00, 5.690397562129492215e+00
5.056828538677605955e+00, 5.705107033206576084e+00
5.071762804052972307e+00, 5.719579910092438269e+00
5.087171489528214963e+00, 5.733809276693452084e+00
5.103063181887401711e+00, 5.747788216915994397e+00
5.119446467914596788e+00, 5.761509814666441187e+00
5.136329747584101213e+00, 5.774967144555842147e+00
5.153712764528652457e+00, 5.788152850470621225e+00
5.171583137091599447e+00, 5.801058972963723193e+00
5.189927578222341964e+00, 5.813677507537254208e+00
5.208732800870296664e+00, 5.826000449693322203e+00
5.227985517984863328e+00, 5.838019794934032447e+00
5.247672442515450619e+00, 5.849727538761490209e+00
5.267780287411456541e+00, 5.861115676677800757e+00
5.288295765622297750e+00, 5.872176204185071136e+00
5.309205590097374916e+00, 5.882901116785407503e+00
5.330496473786095812e+00, 5.893282409980915126e+00
5.352155129637865549e+00, 5.903312079273700164e+00
5.374168270602083908e+00, 5.912982120165866107e+00
5.396522609628168432e+00, 5.922284528159522665e+00
5.419204859665517127e+00, 5.931211298756775108e+00
5.442201733663540431e+00, 5.939754427459727815e+00
5.465499944571635460e+00, 5.947905909770486055e+00
5.489086205339221536e+00, 5.955657741191158649e+00
5.512947228915695774e+00, 5.963001917223849979e+00
5.537069728250466838e+00, 5.969930433370664424e+00
5.561440416292934508e+00, 5.976435285133709918e+00
5.586046005992515440e+00, 5.982508468015092618e+00
5.610873210298610303e+00, 5.988141977516916903e+00
5.635908742160625984e+00, 5.993327809141289819e+00
5.661139314527960487e+00, 5.998057958390316635e+00
5.686551640350033132e+00, 6.002324420766103508e+00
5.712132432576243701e+00, 6.006119191770755705e+00
5.737868404155996416e+00, 6.009434266906381161e+00
5.763746268038694609e+00, 6.012261641675083368e+00
5.789752737173752273e+00, 6.014593311578970258e+00
5.815874524510573629e+00, 6.016421272120144437e+00
5.842098342998561122e+00, 6.017737518800716501e+00
5.868410905587117199e+00, 6.018534047122789055e+00
5.894798925225656738e+00, 6.018802852588470031e+00
5.921249114863582186e+00, 6.018535930699862924e+00
5.947748187450298651e+00, 6.017725276959075664e+00
5.974282855935207692e+00, 6.016362886868214410e+00
6.000839833267725076e+00, 6.014440755929382654e+00
6.027405832397250585e+00, 6.011950879644689216e+00
6.053967566273191103e+00, 6.008885253516237590e+00
6.080511747844948189e+00, 6.005235873046135708e+00
6.107025090061937611e+00, 6.000994733736487063e+00
6.133494305873558261e+00, 5.996153831089400477e+00
6.159906108229219690e+00, 5.990705160606979440e+00
6.186247210078318126e+00, 5.984640717791331888e+00
6.212504324370274666e+00, 5.977952498144562199e+00
6.238664164054487316e+00, 5.970632497168777419e+00
6.264713442080362960e+00, 5.962672710366081041e+00
6.290638871397299603e+00, 5.954065133238582774e+00
6.316427164954719231e+00, 5.944801761288385222e+00
6.342065035702017184e+00, 5.934874590017596319e+00
6.367539196588602124e+00, 5.924275614928319555e+00
6.392836360563878273e+00, 5.912996831522663754e+00
6.417943240577248964e+00, 5.901030235302735960e+00
6.442846549578129078e+00, 5.888367821770637001e+00
6.467533000515919284e+00, 5.875001586428474809e+00
6.491989306340023802e+00, 5.860923524778358207e+00
6.516202222553724610e+00, 5.846125684114829468e+00
6.540163306885872885e+00, 5.830605956533730705e+00
6.563873262763443961e+00, 5.814373365384065018e+00
6.587333819576317140e+00, 5.797438182716973643e+00
6.610546706714373499e+00, 5.779810680583601368e+00
6.633513653567505663e+00, 5.761501131035080547e+00
6.656236389525594710e+00, 5.742519806122554193e+00
6.678716643978520828e+00, 5.722876977897164430e+00
6.700956146316165984e+00, 5.702582918410056045e+00
6.722956625928421914e+00, 5.681647899712361394e+00
6.744719812205168807e+00, 5.660082193855224375e+00
6.766247434536287741e+00, 5.637896072889785337e+00
6.787541222311660682e+00, 5.615099808867190845e+00
6.808602904921180254e+00, 5.591703673838572364e+00
6.829434211754723094e+00, 5.567717939855072906e+00
6.850036872202175608e+00, 5.543152878967834596e+00
6.870412615653416211e+00, 5.518018763228003110e+00
6.890563171498337525e+00, 5.492325864686709025e+00
6.910490269126817964e+00, 5.466084455395098907e+00
6.930195637928743935e+00, 5.439304807404310438e+00
6.949681007293992074e+00, 5.411997192765491960e+00
6.968948106612454119e+00, 5.384171883529773162e+00
6.987998665274012922e+00, 5.355839151748299720e+00
7.006834412668549561e+00, 5.327009269472211095e+00
7.025457078185944226e+00, 5.297692508752655627e+00
7.043868391216089542e+00, 5.267899141640761229e+00
7.062070081148863920e+00, 5.237639440187673578e+00
7.080063877374151993e+00, 5.206923676444533911e+00
7.097851509281833948e+00, 5.175762122462489678e+00
7.115434706261800635e+00, 5.144165050292668795e+00
7.132815197703932242e+00, 5.112142731986218713e+00
7.149994712998111623e+00, 5.079705439594278005e+00
7.166974981534219857e+00, 5.046863445167994122e+00
7.183757732702146903e+00, 5.013627020758496755e+00
7.200344695891774727e+00, 4.980006438416931580e+00
7.216737600492984406e+00, 4.946011970194438945e+00
7.232938175895658794e+00, 4.911653888142166302e+00
7.248948151489686964e+00, 4.876942464311241565e+00
7.264769256664949992e+00, 4.841887970752811299e+00
7.280403220811330733e+00, 4.806500679518015851e+00
7.295851773318713818e+00, 4.770790862657996456e+00
7.311116643576979435e+00, 4.734768792223900569e+00
7.326199560976017544e+00, 4.698444740266856101e+00
7.341102254905709223e+00, 4.661828978838006954e+00
7.355826454755936439e+00, 4.624931779988497027e+00
7.370373889916583821e+00, 4.587763415769473774e+00
7.384746289777535999e+00, 4.550334158232062443e+00
7.398945383728677605e+00, 4.512654279427411375e+00
7.412972901159890604e+00, 4.474734051406660029e+00
7.426830571461056074e+00, 4.436583746220957636e+00
7.440520124022063975e+00, 4.398213635921429443e+00
7.454043288232795383e+00, 4.359633992559223792e+00
7.467401793483132266e+00, 4.320855088185481030e+00
7.480597369162958366e+00, 4.281887194851350387e+00
7.493631744662160088e+00, 4.242740584607956222e+00
7.506506649370620288e+00, 4.203425529506445990e+00
7.519223812678221819e+00, 4.163952301597960037e+00
7.531784965447088531e+00, 4.124331170957834303e+00
7.544192586438412285e+00, 4.084571403947181878e+00
7.556451116912292321e+00, 4.044679633165289445e+00
7.568565316133155640e+00, 4.004662064435319913e+00
7.580539943365425692e+00, 3.964524903580447734e+00
7.592379757873533919e+00, 3.924274356423819388e+00
7.604089518921904656e+00, 3.883916628788608438e+00
7.615673985774965793e+00, 3.843457926497978683e+00
7.627137917697140779e+00, 3.802904455375101467e+00
7.638486073952860167e+00, 3.762262421243126376e+00
7.649723213806550071e+00, 3.721538029925224755e+00
7.660854096522635714e+00, 3.680737487244560402e+00
7.671883481365541435e+00, 3.639866999024306882e+00
7.682816127599697786e+00, 3.598932771087611560e+00
7.693656794489531769e+00, 3.557941009257646670e+00
7.704410241299467721e+00, 3.516897919357576452e+00
7.715081227293930866e+00, 3.475809707210573585e+00
7.725674511737353534e+00, 3.434682578639785877e+00
7.736194853894157397e+00, 3.393522739468385563e+00
7.746647013028772122e+00, 3.352336395519536882e+00
7.757035748405618492e+00, 3.311129752616412514e+00
7.767365819289131501e+00, 3.269909016582160266e+00
7.777641984943731934e+00, 3.228680393239951929e+00
7.787869004633850345e+00, 3.187450088412952187e+00
7.798051637623911070e+00, 3.146224307924325725e+00
7.808194643178338445e+00, 3.105009257597244776e+00
7.818302780561564802e+00, 3.063811143254856262e+00
7.828380809038012700e+00, 3.022636170720333304e+00
7.838433487872110028e+00, 2.981490545816840143e+00
7.848465576328281124e+00, 2.940380474367549901e+00
7.858481833670957428e+00, 2.899312162195608611e+00
7.868487019164562390e+00, 2.858291815124190727e+00
7.878485892073523900e+00, 2.817325638976458713e+00
7.888483211662265404e+00, 2.776419839575585691e+00
7.898483737195219234e+00, 2.735580622744719914e+00
7.908492227936807950e+00, 2.694814194307033173e+00
7.918513443151459441e+00, 2.654126760085690151e+00
7.928552142103597156e+00, 2.613524525903863527e+00
7.938613084057654312e+00, 2.573013697584700665e+00
7.948701028278053471e+00, 2.532600480951373800e+00
7.958820734029221633e+00, 2.492291081827047172e+00
7.968976960575583135e+00, 2.452091706034893459e+00
7.979174467181569419e+00, 2.412008559398060470e+00
7.989418013111604822e+00, 2.372047847739720439e+00
7.999712357630117232e+00, 2.332215776883038494e+00
8.010062260001529211e+00, 2.292518552651185537e+00
8.020472479490273088e+00, 2.252962380867311154e+00
8.030947775360770535e+00, 2.213553467354586246e+00
8.041492906877451219e+00, 2.174298017936175498e+00
8.052112633304741252e+00, 2.135202238435251143e+00
8.062811713907066746e+00, 2.096272334674961879e+00
8.073594907948855592e+00, 2.057514512478479940e+00
8.084466974694533903e+00, 2.018934977668968234e+00
8.095432673408524238e+00, 1.980539936069600104e+00
8.106496763355259816e+00, 1.942335593503524471e+00
8.117664003799164973e+00, 1.904328155793911792e+00
8.128939154004665824e+00, 1.866523828763927417e+00
8.140326973205812777e+00, 1.828928818225167952e+00
8.151830803718125296e+00, 1.791548789973380851e+00
8.163448785331421931e+00, 1.754387427018374579e+00
8.175177864091070390e+00, 1.717447957410203951e+00
8.187014986042436604e+00, 1.680733609198932221e+00
8.198957097230893609e+00, 1.644247610434599993e+00
8.211001143701802008e+00, 1.607993189167270298e+00
8.223144071500531282e+00, 1.571973573446998618e+00
8.235382826672443812e+00, 1.536191991323847983e+00
8.247714355262914410e+00, 1.500651670847858776e+00
8.260135603317305453e+00, 1.465355840069094251e+00
8.272643516880986425e+00, 1.430307727037609888e+00
8.285235041999319705e+00, 1.395510559803461392e+00
8.297907124717673000e+00, 1.360967566416711128e+00
8.310656711081415793e+00, 1.326681974927400365e+00
8.323480747135917568e+00, 1.292657013385591913e+00
8.336376178926538927e+00, 1.258895909841341254e+00
8.349339952498649353e+00, 1.225401892344710530e+00
8.362369013897616554e+00, 1.192178188945742123e+00
8.375460309168808237e+00, 1.159228027694497731e+00
8.388610784357592109e+00, 1.126554636641033280e+00
8.401817385509326996e+00, 1.094161243835410913e+00
8.415077058669391263e+00, 1.062051077327673010e+00
8.428386749883143736e+00, 1.030227365167881715e+00
8.441743405195957450e+00, 9.986933354060920642e-01
8.455143970653191232e+00, 9.674522160923664238e-01
8.468585392300219894e+00, 9.365072352767473962e-01
8.482064616182407590e+00, 9.058616210092969023e-01
8.495578588345120252e+00, 8.755186013400707568e-01
8.509124254833723811e+00, 8.454814043191299922e-01
8.522698561693585972e+00, 8.157532579965185437e-01
8.536298454970079774e+00, 7.863373904222976662e-01
8.549920880708564042e+00, 7.572370296465229522e-01
8.563562784954406482e+00, 7.284554037192559894e-01
8.577221113752976578e+00, 6.999957406905403801e-01
8.590892813149642038e+00, 6.718612686104373788e-01
8.604574829189768792e+00, 6.440552155290029113e-01
8.618264107918720995e+00, 6.165808094962976771e-01
8.631957595381869908e+00, 5.894412785623662776e-01
8.645652237624581460e+00, 5.626398507772698565e-01
8.659344980692219806e+00, 5.361797541910636733e-01
8.673032770630150878e+00, 5.100642168538090937e-01
8.686712553483749488e+00, 4.842964668155504415e-01
8.700381275298376238e+00, 4.588797321263488049e-01
8.714035882119398835e+00, 4.338172408362596655e-01
8.727673319992183210e+00, 4.091122209953436673e-01
8.741290534962100622e+00, 3.847679006536464108e-01
8.754884473074513451e+00, 3.607875078612280961e-01
8.768452080374792956e+00, 3.371742706681444268e-01
8.781990302908296187e+00, 3.139314171244554919e-01
8.795496086720403284e+00, 2.910621752802076134e-01
8.808966377856473073e+00, 2.685697731854610470e-01
8.822398122361876815e+00, 2.464574388902711632e-01
8.835788266281975112e+00, 2.247284004446936101e-01
8.849133755662140999e+00, 2.033858858987883100e-01
8.862431536547740407e+00, 1.824331233026019183e-01
8.875678554984137492e+00, 1.618733407061942742e-01
8.888871757016703512e+00, 1.417097661596211089e-01
8.902009058305253575e+00, 1.219453656685677012e-01
8.915093395714663416e+00, 1.025817482266256769e-01
8.928129326592157966e+00, 8.362008488189993927e-02
8.941121409083903515e+00, 6.506154646657336116e-02
8.954074201336066352e+00, 4.690730381283252787e-02
8.966992261494818095e+00, 2.915852775285300222e-02
8.979880147706323257e+00, 1.181638911882138682e-02
8.992742418116749903e+00, -5.117941257079389010e-03
9.005583630872258993e+00, -2.164329254266308608e-02
9.018408344119029252e+00, -3.775849390575351794e-02
9.031221116003219862e+00, -5.346237451416437775e-02
9.044026504671000666e+00, -6.875376353571271970e-02
9.056829068268536176e+00, -8.363149013821266631e-02
9.069633364941996234e+00, -9.809438348948736064e-02
9.082443952837548906e+00, -1.121412727573508350e-01
9.095265390101358705e+00, -1.257709871096200915e-01
9.108102234879591919e+00, -1.389823557141097177e-01
9.120959045318420166e+00, -1.517742077386420585e-01
9.133840379564009737e+00, -1.641453723510314933e-01
9.146750795762523367e+00, -1.760946787190950935e-01
9.159694852060130899e+00, -1.876209560106476548e-01
9.172677106603002173e+00, -1.987230333935110504e-01
9.185702117537303479e+00, -2.093997400354997984e-01
9.198774443009199331e+00, -2.196499051044311646e-01
9.211898641164854240e+00, -2.294723577681201387e-01
9.225079270150443378e+00, -2.388659271943878171e-01
9.238320888112129481e+00, -2.478294425510493837e-01
9.251628053196080614e+00, -2.563617330059217436e-01
9.265005323548459515e+00, -2.644616277268205251e-01
9.278457257315443130e+00, -2.721279558815659638e-01
9.291988412643190642e+00, -2.793595466379736880e-01
9.305603347677873671e+00, -2.861552291638604362e-01
9.319306620565653176e+00, -2.925138326270422806e-01
9.333102789452704329e+00, -2.984341861953389019e-01
9.346996412485188088e+00, -3.039151190365660393e-01
9.360992047809276073e+00, -3.089554603185407644e-01
9.375094253571132796e+00, -3.135540392090799267e-01
9.389307587916924547e+00, -3.177096848760002645e-01
9.403636608992821166e+00, -3.214212264871201263e-01
9.418085874944990721e+00, -3.246874932102560285e-01
9.432659943919597723e+00, -3.275073142132248760e-01
9.447363374062806685e+00, -3.298795186638432964e-01
9.462200723520791001e+00, -3.318029357299294713e-01
9.477176550439716962e+00, -3.332763945792998617e-01
9.492295412965749080e+00, -3.342987243797715946e-01
9.507561869245051867e+00, -3.348687542991616306e-01
9.522980477423798717e+00, -3.349853135052874298e-01
9.538555795648155922e+00, -3.346472311659657306e-01
9.554292382064287992e+00, -3.338533364490138822e-01
9.570194794818359441e+00, -3.326024585222488450e-01
9.586267592056545439e+00, -3.308934265534876351e-01
9.602515331925008724e+00, -3.287250697105472685e-01
9.618942572569915583e+00, -3.260962171612450389e-01
9.635553872137432307e+00, -3.230056980733982952e-01
9.652353788773728738e+00, -3.194523416148233319e-01
9.669346880624974716e+00, -3.154349769533377756e-01
9.686537705837332979e+00, -3.109524332567584759e-01
9.703929633013686384e+00, -3.060044246330444473e-01
9.721517239288617773e+00, -3.005972054508807001e-01
9.739291161434577404e+00, -2.947399614431714943e-01
9.757242017637405951e+00, -2.884418921700100391e-01
9.775360426082942311e+00, -2.817121971914909317e-01
9.793637004957032488e+00, -2.745600760677044394e-01
9.812062372445518932e+00, -2.669947283587453257e-01
9.830627146734235211e+00, -2.590253536247065780e-01
9.849321946009025552e+00, -2.506611514256831263e-01
9.868137388455735959e+00, -2.419113213217647385e-01
9.887064092260205328e+00, -2.327850628730463445e-01
9.906092675608274334e+00, -2.232915756396209594e-01
9.925213756685776545e+00, -2.134400591815839021e-01
9.944417953678570399e+00, -2.032397130590242462e-01
9.963695884772482358e+00, -1.926997368320372828e-01
9.983038168153356651e+00, -1.818293300607159990e-01
1.000243542200703750e+01, -1.706376923051559358e-01
1.002187826451936559e+01, -1.591340231254457227e-01
1.004135731387617980e+01, -1.473275220816808451e-01
1.006086318826332615e+01, -1.352273887339543457e-01
1.008038650586663643e+01, -1.228428226423619873e-01
1.009991788487196374e+01, -1.101830233669918863e-01
1.011944794346513987e+01, -9.725719046793977751e-02
1.013896729983201439e+01, -8.407452350529871776e-02
1.015846657215842086e+01, -7.064422203916198573e-02
1.017793637863020173e+01, -5.697548562962544139e-02
1.019736733743320123e+01, -4.307751383677677071e-02
1.021675006675326358e+01, -2.895950622071187530e-02
1.023607518477622058e+01, -1.463066234152397838e-02
1.025533330968791823e+01, -1.001817593090925662e-04
1.027451505967419898e+01, 1.462273596584543617e-02
1.029361105292090528e+01, 2.952889127384347723e-02
1.031261190761387603e+01, 4.460908460459192537e-02
1.033150824193894834e+01, 5.985411639799444183e-02
1.035029067408197179e+01, 7.525478709396410393e-02
1.036894982222878170e+01, 9.080189713240466309e-02
1.038747630456522231e+01, 1.064862469532228961e-01
1.040586073927713251e+01, 1.222986369963224434e-01
1.042409374455035476e+01, 1.382298677016166044e-01
1.044216593857073327e+01, 1.542707395090088807e-01
1.046006793952410163e+01, 1.704120528584063543e-01
1.047779036559630583e+01, 1.866446081897122078e-01
1.049532383497318833e+01, 2.029592059428401984e-01
1.051265896584058979e+01, 2.193466465576935365e-01
1.052978637638434911e+01, 2.357977304741793456e-01
1.054669668479030520e+01, 2.523032581322009471e-01
1.056338050924430938e+01, 2.688540299716719040e-01
1.057982846793219345e+01, 2.854408464324957873e-01
1.059603117903980340e+01, 3.020545079545794431e-01
1.061197926075297282e+01, 3.186858149778261096e-01
1.062766333125755480e+01, 3.353255679421495161e-01
1.064307400873938292e+01, 3.519645672874531783e-01
1.065820191138429784e+01, 3.685936134536436093e-01
1.067303765737814203e+01, 3.852035068806247131e-01
1.068757186490675970e+01, 4.017850480083098863e-01
1.070179515215599153e+01, 4.183290372766025333e-01
1.071569813731167464e+01, 4.348262751254095559e-01
1.072927276257006568e+01, 4.512678768692844344e-01
1.074252534450931584e+01, 4.676483763219305145e-01
1.075547101226878510e+01, 4.839644030903210714e-01
1.076812502246598413e+01, 5.002126170981398001e-01
1.078050263171842005e+01, 5.163896782690673426e-01
1.079261909664361596e+01, 5.324922465267938332e-01
1.080448967385907011e+01, 5.485169817949997473e-01
1.081612961998229672e+01, 5.644605439973687799e-01
1.082755419163081179e+01, 5.803195930575847372e-01
1.083877864542211888e+01, 5.960907888993282056e-01
1.084981823797373224e+01, 6.117707914462893193e-01
1.086068822590316074e+01, 6.273562606221484428e-01
1.087140386582791862e+01, 6.428438563505894932e-01
1.088198041436550945e+01, 6.582302385552930568e-01
1.089243312813345277e+01, 6.735120671599489350e-01
1.090277726374925216e+01, 6.886860020882380473e-01
1.091302807783042539e+01, 7.037487032638438667e-01
1.092320082699447426e+01, 7.186968306104474236e-01
1.093331076785891476e+01, 7.335270440517381862e-01
1.094337315704125757e+01, 7.482360035113969632e-01
1.095340325115901514e+01, 7.628203689131074494e-01
1.096341630682969281e+01, 7.772768001805506755e-01
1.097342758067080304e+01, 7.916019572374162205e-01
1.098345232929985826e+01, 8.057925000073845601e-01
1.099350580933437271e+01, 8.198450884141397221e-01
1.100360327739184640e+01, 8.337563823813625152e-01
1.101375999008980067e+01, 8.475230418327424076e-01
1.102399120404574084e+01, 8.611417266919600966e-01
1.103431217587717938e+01, 8.746090968826996104e-01
1.104473816220162341e+01, 8.879218123286418685e-01
1.105528441963658715e+01, 9.010765329534760060e-01
1.106596620479958304e+01, 9.140699186808830534e-01
1.107679877430811821e+01, 9.268986294345467059e-01
1.108779738477970511e+01, 9.395593251381481048e-01
1.109897729283185086e+01, 9.520486657153764964e-01
1.111035375508207146e+01, 9.643633110899122451e-01
1.112194202814787580e+01, 9.764999211854400452e-01
1.113375736864677101e+01, 9.884551559256407050e-01
1.114581503319627132e+01, 1.000225675234202471e+00
1.115813027841388738e+01, 1.011808139034807708e+00
1.117071836091712989e+01, 1.023199207251139109e+00
1.118359453732350595e+01, 1.034395539806878705e+00
1.119677406425053157e+01, 1.045393796625714522e+00
1.121027219831571564e+01, 1.056190637631328144e+00
1.122410419613656707e+01, 1.066782722747403156e+00
1.123828531433059652e+01, 1.077166711897621587e+00
1.125283080951531645e+01, 1.087339265005671018e+00
1.126775593830823752e+01, 1.097297041995233036e+00
1.128307595732687041e+01, 1.107036702789991667e+00
1.129880612318872046e+01, 1.116554907313628719e+00
1.131496169251130901e+01, 1.125848315489831331e+00
1.133155792191213784e+01, 1.134913587242281974e+00
1.134861006800872119e+01, 1.143747382494663789e+00
1.136613338741856793e+01, 1.152346361170660805e+00
1.138414313675918876e+01, 1.160707183193955272e+00
1.140265457264809790e+01, 1.168826508488233662e+00
1.142168295170280246e+01, 1.176700996977178892e+00
1.144124247156627483e+01, 1.184326952283095480e+00
1.146132954241848090e+01, 1.191694693278572581e+00
1.148192581498173048e+01, 1.198789572885741839e+00
1.150301249322344255e+01, 1.205596793712085946e+00
1.152457078111103073e+01, 1.212101558365090037e+00
1.154658188261191043e+01, 1.218289069452237694e+00
1.156902700169351306e+01, 1.224144529581015384e+00
1.159188734232325046e+01, 1.229653141358907131e+00
1.161514410846853984e+01, 1.234800107393397406e+00
1.163877850409679660e+01, 1.239570630291969566e+00
1.166277173317544857e+01, 1.243949912662110968e+00
1.168710499967191119e+01, 1.247923157111305192e+00
1.171175950755359985e+01, 1.251475566247036042e+00
1.173671646078792996e+01, 1.254592342676788652e+00
1.176195706334233293e+01, 1.257258689008048380e+00
1.178746251918421706e+01, 1.259459807848299029e+00
1.181321403228100664e+01, 1.261180901805026178e+00
1.183919280660011175e+01, 1.262407173485713185e+00
1.186538004610896202e+01, 1.263123825497845854e+00
1.189175695477497108e+01, 1.263316060448908651e+00
1.191830473656555611e+01, 1.262969080946385825e+00
1.194500459544813253e+01, 1.262068089597762510e+00
1.197183773539012996e+01, 1.260598289010523176e+00
1.199878536035896026e+01, 1.258544881792152514e+00
1.202582867432204417e+01, 1.255893070550134771e+00
1.205294888124679353e+01, 1.252628057891956193e+00
1.208012718510063799e+01, 1.248735046425099249e+00
1.210734478985099116e+01, 1.244199238757049963e+00
1.213458289946526669e+01, 1.239005837495292361e+00
1.216182271791088532e+01, 1.233140045247312688e+00
1.218904544915527488e+01, 1.226587064620593415e+00
1.221623229716584902e+01, 1.219332098222619898e+00
1.224336446591002314e+01, 1.211360348660877051e+00
1.227042315935521088e+01, 1.202657018542851786e+00
1.229738958146884542e+01, 1.193207310476024352e+00
1.232424493621833506e+01, 1.182996427067881662e+00
1.235097042757110231e+01, 1.172009570925908850e+00
1.237754725949456613e+01, 1.160231944657589498e+00
1.240395663595613840e+01, 1.147648750870411849e+00
1.243017976092324695e+01, 1.134245192171854821e+00
1.245619783836330718e+01, 1.120006471169405993e+00
1.248199207224373808e+01, 1.104917790470549832e+00
1.250754366653195149e+01, 1.088964352682774361e+00
1.253283382519537703e+01, 1.072131360413558054e+00
1.255784375220143012e+01, 1.054404016270388045e+00
1.258255465151752794e+01, 1.035767522860749690e+00
1.260694772711108413e+01, 1.016207082792131233e+00
1.263100418294952654e+01, 9.957078986720100389e-01
1.265470522300026879e+01, 9.742551731078741284e-01
1.267803205123073340e+01, 9.518341087072084150e-01
1.270096587160832691e+01, 9.284299080775022528e-01
1.272348788810048426e+01, 9.040277738262308960e-01
1.274557930467461730e+01, 8.786129085608839207e-01
1.276722132529814502e+01, 8.521705148889453518e-01
1.278839515393848281e+01, 8.246857954179058758e-01
1.280908199456305319e+01, 7.961439527552393036e-01
1.282926305113927690e+01, 7.665301895084353223e-01
1.284891968376573423e+01, 7.358304472477632530e-01
1.286803768440201701e+01, 7.040516433701616839e-01
1.288660780140997275e+01, 6.712241537327281460e-01
1.290462104460254622e+01, 6.373795916305030618e-01
1.292206842379268039e+01, 6.025495703585199703e-01
1.293894094879331824e+01, 5.667657032118206262e-01
1.295522962941740808e+01, 5.300596034854242466e-01
1.297092547547789287e+01, 4.924628844743719203e-01
1.298601949678771739e+01, 4.540071594736976301e-01
1.300050270315981926e+01, 4.147240417784434641e-01
1.301436610440715569e+01, 3.746451446836273069e-01
1.302760071034266254e+01, 3.338020814842910799e-01
1.304019753077928634e+01, 2.922264654754687663e-01
1.305214757552996829e+01, 2.499499099522028700e-01
1.306344185440765848e+01, 2.070040282095102213e-01
1.307407137722529988e+01, 1.634204335424332966e-01
1.308402715379583370e+01, 1.192307392460060650e-01
1.309330019393220645e+01, 7.446655861527147480e-02
1.310188150744736113e+01, 2.915950494524554432e-02
1.310976210415424781e+01, -1.665880846902884765e-02
1.311693299386580414e+01, -6.295676833251789839e-02
1.312338518639497664e+01, -1.097027613501778687e-01
1.312910969155471008e+01, -1.568651742269939753e-01
1.313409751915794921e+01, -2.044123936679227704e-01
1.313833967901763700e+01, -2.523128063779302432e-01
1.314182718094671998e+01, -3.005347990619826049e-01
1.314455103475814468e+01, -3.490467584250357413e-01
1.314650225026484875e+01, -3.978170711720755426e-01
1.314767183727978228e+01, -4.468141240080585330e-01
1.314805080561588646e+01, -4.960063036379502854e-01
1.314763016508610782e+01, -5.453619967667069357e-01
1.314640092550338935e+01, -5.948495900993149288e-01
1.314435409668067578e+01, -6.444374703407298455e-01
1.314148068843091188e+01, -6.940940241959180357e-01
1.313777171056704418e+01, -7.437876383698350802e-01
1.313321817290201388e+01, -7.934866995674677570e-01
1.312781108524876750e+01, -8.431595944937718690e-01
1.312154145742024625e+01, -8.927747098537130999e-01
1.311440029922939843e+01, -9.423004323522476966e-01
1.310637862048916702e+01, -9.917051486943617711e-01
1.309746743101249500e+01, -1.040957245585011348e+00
1.308765774061232889e+01, -1.090025109729162667e+00
1.307694055910161346e+01, -1.138877127831771530e+00
1.306530689629328990e+01, -1.187481686597823938e+00
1.305274776200030651e+01, -1.235807172732276138e+00
1.303925416603560450e+01, -1.283821972940093925e+00
1.302481711821213217e+01, -1.331494473926234434e+00
1.300942762834282718e+01, -1.378793062395681668e+00
1.299307670624064315e+01, -1.425686125053393427e+00
1.297575536171851596e+01, -1.472142048604335063e+00
1.295745460458939746e+01, -1.518129219753463044e+00
1.293816544466622709e+01, -1.563616025205762705e+00
1.291787889176194781e+01, -1.608570851666190515e+00
1.289658595568950794e+01, -1.652962085839712492e+00
1.287427764626185400e+01, -1.696758114431285325e+00
1.285094497329192542e+01, -1.739927324145894350e+00
1.282657894659266518e+01, -1.782438101688494259e+00
1.280117074242579633e+01, -1.824259080097789365e+00
1.277472087195881478e+01, -1.865372707486939063e+00
1.274724395250755293e+01, -1.905782308182992324e+00
1.271875577336832741e+01, -1.945492940970483309e+00
1.268927212383740333e+01, -1.984509664633995030e+00
1.265880879321109376e+01, -2.022837537958060761e+00
1.262738157078569756e+01, -2.060481619727231539e+00
1.259500624585751183e+01, -2.097446968726056848e+00
1.256169860772283187e+01, -2.133738643739088392e+00
1.252747444567795831e+01, -2.169361703550874321e+00
1.249234954901918648e+01, -2.204321206945966782e+00
1.245633970704281346e+01, -2.238622212708915260e+00
1.241946070904515409e+01, -2.272269779624257247e+00
1.238172834432247527e+01, -2.305268966476569314e+00
1.234315840217109006e+01, -2.337624832050387624e+00
1.230376667188729556e+01, -2.369342435130264324e+00
1.226356894276738885e+01, -2.400426834500748008e+00
1.222258100410766701e+01, -2.430883088946389936e+00
1.218081864520442714e+01, -2.460716257251740036e+00
1.213829765535396810e+01, -2.489931398201348234e+00
1.209503382385260650e+01, -2.518533570579753800e+00
1.205104293999660392e+01, -2.546527833171530641e+00
1.200634079308227342e+01, -2.573919244761216696e+00
1.196094317240591565e+01, -2.600712864133361890e+00
1.191486586726382590e+01, -2.626913750072517040e+00
1.186812466695229951e+01, -2.652526961363233404e+00
1.182073536076763887e+01, -2.677557556790059579e+00
1.177271373800614107e+01, -2.702010595137546378e+00
1.172407558796412275e+01, -2.725891135190234849e+00
1.167483669993783835e+01, -2.749204235732694457e+00
1.162501286322360805e+01, -2.771954955549466248e+00
1.157461986711773072e+01, -2.794148353425099263e+00
1.152367350091650344e+01, -2.815789488144144759e+00
1.147218955391622153e+01, -2.836883418491152664e+00
1.142018381541318561e+01, -2.857435203250672906e+00
1.136767207470369101e+01, -2.877449901207258076e+00
1.131467012108405790e+01, -2.896932571145447000e+00
1.126119374385053895e+01, -2.915888271849808255e+00
1.120725873229945435e+01, -2.934322062104883333e+00
1.115288087572710651e+01, -2.952239000695222604e+00
1.109807596342978542e+01, -2.969644146405376883e+00
1.104285978470379170e+01, -2.986542558019896099e+00
1.098724812884542423e+01, -3.002939294323330177e+00
1.093125678515097832e+01, -3.018839414100229490e+00
1.087490154291677591e+01, -3.034247976135138192e+00
1.081819819143906969e+01, -3.049170039212619532e+00
1.076116252001417806e+01, -3.063610662117217220e+00
1.070381031793839988e+01, -3.077574903633481629e+00
1.064615737450802868e+01, -3.091067822545963129e+00
1.058821947901937222e+01, -3.104094477639210758e+00
1.053001242076871691e+01, -3.116659927697776666e+00
1.047155198905236517e+01, -3.128769231506209891e+00
1.041285397316661765e+01, -3.140427447849061693e+00
1.035393416240778919e+01, -3.151639635510877113e+00
1.029480834607213247e+01, -3.162410853276215406e+00
1.023549231345597121e+01, -3.172746159929622944e+00
1.017600185385560074e+01, -3.182650614255650101e+00
1.011635274168100374e+01, -3.192129285052333731e+00
1.005655849923458334e+01, -3.201188756029363702e+00
9.996628008591503800e+00, -3.209838732210148482e+00
9.936569579546974396e+00, -3.218089303570215609e+00
9.876391521896222159e+00, -3.225950560085089069e+00
9.816102145434403070e+00, -3.233432591730301287e+00
9.755709759956747718e+00, -3.240545488481376246e+00
9.695222675258463596e+00, -3.247299340313841043e+00
9.634649201134752872e+00, -3.253704237203222327e+00
9.573997647380823039e+00, -3.259770269125046305e+00
9.513276323791879818e+00, -3.265507526054840515e+00
9.452493540163128927e+00, -3.270926097968131163e+00
9.391657606289797400e+00, -3.276036074840444012e+00
9.330776831967046547e+00, -3.280847546647309265e+00
9.269859526990101628e+00, -3.285370603364250908e+00
9.208914001154170137e+00, -3.289615334966797811e+00
9.147948564254457793e+00, -3.293591831430474404e+00
9.086971526086170314e+00, -3.297310182730809114e+00
9.025991196444513420e+00, -3.300780478843328147e+00
8.965015885124692829e+00, -3.304012809743558599e+00
8.904053901921935577e+00, -3.307017265407025786e+00
8.843113556631399419e+00, -3.309803935809259468e+00
8.782203159048314944e+00, -3.312382910925784518e+00
8.721331018967891424e+00, -3.314764280732128032e+00
8.660505446185327472e+00, -3.316958135203817104e+00
8.599734750495832358e+00, -3.318974564316377940e+00
8.539027241694610026e+00, -3.320823658045337634e+00
8.478391229576867971e+00, -3.322515506366223281e+00
8.417835023937836780e+00, -3.324060199254560644e+00
8.357366934572668882e+00, -3.325467826685878148e+00
8.296995271276596640e+00, -3.326748478635702000e+00
8.236728343844825773e+00, -3.327912245079558407e+00
8.176574462072562000e+00, -3.328969215992974906e+00
8.116541935755011039e+00, -3.329929481351477705e+00
8.056639074687373281e+00, -3.330803131130594341e+00
7.996874188664864214e+00, -3.331600255305850578e+00
7.937255587482680674e+00, -3.332330943852774396e+00
7.877791580936055027e+00, -3.333005286746891560e+00
7.818490478820145029e+00, -3.333633373963728719e+00
7.759360590930180379e+00, -3.334225295478814743e+00
7.700410227061365909e+00, -3.334791141267674064e+00
7.641647697008907336e+00, -3.335341001305835107e+00
7.583081310568010380e+00, -3.335884965568823191e+00
7.524719377533878983e+00, -3.336433124032166297e+00
7.466570207701720641e+00, -3.336995566671390634e+00
7.408642110866764163e+00, -3.337582383462023294e+00
7.350943396824166420e+00, -3.338203664379591373e+00
7.293482375369158000e+00, -3.338869499399621077e+00
7.236267356296941955e+00, -3.339589978497639944e+00
7.179306649402727558e+00, -3.340375191649174624e+00
7.122608564481717863e+00, -3.341235228829750437e+00
7.066181411329118589e+00, -3.342180180014895807e+00
7.010033499740135454e+00, -3.343220135180137387e+00
6.954173139509997270e+00, -3.344365184301001381e+00
6.898608640433863570e+00, -3.345625417353014885e+00
6.843348312306960501e+00, -3.347010924311705438e+00
6.788400464924497335e+00, -3.348531795152598356e+00
6.733773404632977133e+00, -3.350198116136621440e+00
6.679472255114740520e+00, -3.352016545471206310e+00
6.625493069327224482e+00, -3.353983971269123732e+00
6.571830294912387238e+00, -3.356095552554854589e+00
6.518478379512206544e+00, -3.358346448352878877e+00
6.465431770768597985e+00, -3.360731817687679701e+00
6.412684916323541096e+00, -3.363246819583736613e+00
6.360232263818991427e+00, -3.365886613065531385e+00
6.308068260896908086e+00, -3.368646357157544458e+00
6.256187355199249289e+00, -3.371521210884256270e+00
6.204583994367969701e+00, -3.374506333270149039e+00
6.153252626045028428e+00, -3.377596883339702760e+00
6.102187697872403227e+00, -3.380788020117397430e+00
6.051383657492010570e+00, -3.384074902627716597e+00
6.000834952545829104e+00, -3.387452689895140701e+00
5.950536030675816157e+00, -3.390916540944149737e+00
5.900481339523928170e+00, -3.394461614799225035e+00
5.850665326732123361e+00, -3.398083070484847035e+00
5.801082439942359947e+00, -3.401776067025497508e+00
5.751727126796593481e+00, -3.405535763445656894e+00
5.702593834936802608e+00, -3.409357318769804301e+00
5.653677012004904689e+00, -3.413235892022425055e+00
5.604971105642877482e+00, -3.417166642227997819e+00
5.556470563492679204e+00, -3.421144728411003477e+00
5.508169833196264520e+00, -3.425165309595922913e+00
5.460063362395594311e+00, -3.429223544807237456e+00
5.412145598732623242e+00, -3.433314593069427989e+00
5.364410989849311306e+00, -3.437433613406976285e+00
5.316853983387614058e+00, -3.441575764844361451e+00
5.269469026989508365e+00, -3.445736206406063484e+00
5.222250568296914253e+00, -3.449910097116567709e+00
5.175193054951807703e+00, -3.454092596000352788e+00
5.128290934596146933e+00, -3.458278862081899163e+00
5.081538654871887495e+00, -3.462464054385689050e+00
5.034930663420990271e+00, -3.466643331936201999e+00
4.988461407885409926e+00, -3.470811853757919785e+00
4.942125335907104677e+00, -3.474964778875323734e+00
4.895916895128049617e+00, -3.479097266312892511e+00
4.849830533190167436e+00, -3.483204475095110553e+00
4.803860697735433227e+00, -3.487281564246456966e+00
4.758001836405802543e+00, -3.491323692791413524e+00
4.712248396843235376e+00, -3.495326019754459779e+00
4.666594826689688169e+00, -3.499283704160078390e+00
4.621035573587118250e+00, -3.503191905032748910e+00
4.575565085177482949e+00, -3.507045781396953110e+00
4.530177809102758246e+00, -3.510840492277170988e+00
4.484868193004865944e+00, -3.514571196697884758e+00
4.439630684525781135e+00, -3.518233053683575751e+00
4.394459731307461148e+00, -3.521821222258723960e+00
4.349349780991862424e+00, -3.525330861447810271e+00
4.304295281220944958e+00, -3.528757130275316012e+00
4.259290679636664301e+00, -3.532095187765722510e+00
4.214330423880977783e+00, -3.535340192943509763e+00
4.169408961595863161e+00, -3.538487304833158209e+00
4.124520740423238685e+00, -3.541531682459150954e+00
4.079660208005082112e+00, -3.544468484845968437e+00
4.034821811983349882e+00, -3.547292871018091542e+00
3.990000000000000213e+00, -3.549999999999999822e+00
